16387 16387 1231126454
112654 91607 1244144714
8206 8206 1221563846
8206 8206 1221949682
8206 8206 1224944403
8206 8206 1230956376
8206 8206 1232127518
8206 8206 1233284907
8206 8206 1233380406
8206 8206 1242210840
8206 8482 1231515190
8206 59198 1237204423
8206 115 1228486013
8206 57458 1246369057
8206 54964 1232901002
8206 745 1227406233
14357 14357 1224442727
14357 14357 1236236908
14357 117700 1244618202
14357 1306 1231483171
14357 69959 1242612208
14357 104015 1242932256
14357 91607 1244323042
14357 2170994 1246515591
32790 32790 1225411151
29 29 1219267376
29 29 1219703013
29 29 1220577572
29 29 1227239988
29 29 1228430507
29 29 1232430071
29 29 1232689883
29 29 1233111443
29 29 1237000942
29 29 1241578476
29 29 1241656728
29 29 1245268042
29 4140 1231320007
29 61020 1233447506
29 64878 1244870133
29 115 1220395208
29 32484 1231553055
29 50899 1230942015
29 38663 1231410490
29 38663 1231484660
29 781 1222422387
29 54760 1232017533
29 2424 1224802275
29 117700 1245305136
29 28118 1231410917
30 30 1217933517
30 30 1233022009
30 47633 1233971739
30 116 1217994232
30 116 1217999052
30 116 1218002286
94239 108512 1245396331
94239 94239 1243428045
94239 94239 1245761662
94239 94239 1248876310
49194 14728 1230695367
49194 10420 1230340006
49194 6335 1231425361
49194 7644 1231965650
49194 54197 1240956620
49194 1144 1230665657
4140 3208 1220992261
4140 1196 1220389856
4140 20625 1222224202
4140 4140 1220998594
4140 4140 1223392693
4140 4140 1223671726
20526 20526 1231458384
20526 20526 1233894058
239663 13227 1222997327
239663 239663 1222808496
239663 239663 1222809975
239663 239663 1222813140
239663 239663 1223435734
239663 239663 1223954326
239663 239663 1224194210
239663 239663 1224218934
239663 239663 1224303534
239663 239663 1224456634
239663 239663 1225093855
239663 239663 1229044838
239663 239663 1235389648
239663 239663 1241560873
239663 239663 1241860735
239663 239663 1248659715
239663 10420 1225399741
239663 1902010 1225936391
239663 425 1224794301
239663 20467 1223870246
239663 24565 1222996524
65584 115 1235813014
65584 2170954 1234938818
18484 32037 1244431934
18484 129366 1248756815
18484 129366 1248771804
18484 727 1227956214
18484 32484 1231143205
18484 30568 1243843611
10293 41662 1238661558
45109 1862 1229652025
45109 1862 1229656062
137273 116483 1248441632
137273 110264 1247516069
137273 130832 1247673349
137273 60020 1247669003
137273 137273 1247779426
137273 137273 1247836869
137273 137273 1248297761
14392 45704 1235004034
14392 14392 1231382746
14392 14392 1231480247
6210 8206 1233207598
6210 8206 1235176957
6210 51816 1234406144
6210 51816 1235196050
6210 33411 1232093853
6210 17604 1233986984
6210 10396 1235791082
6210 32484 1237092918
6210 22247 1224294669
6210 14065 1221784064
6210 755 1234920480
6210 36157 1232586874
6210 36157 1232587121
6210 61250 1245714368
6210 338 1231393293
6210 61793 1233839955
6210 64878 1234533035
6210 79797 1237452836
6210 29649 1233103298
55362 61342 1233572901
118854 118854 1244615173
118854 118854 1244615243
118854 118854 1244690119
118854 118854 1247106182
118854 57428 1245169740
118854 22076 1244656052
6216 6216 1238888436
6216 337 1238467847
6216 109 1225948611
6216 47222 1239754280
6216 110976 1246211054
6216 2197 1226544481
6216 12605 1243991489
6216 44984 1238470233
6216 51649 1237147204
6216 48067 1238889284
6216 48067 1239342694
6216 89818 1239581525
6216 13055 1232076135
20553 9222 1233689568
20553 14357 1228851502
20553 1127460 1238774906
20553 20553 1229107121
20553 20553 1234386162
20553 2128 1242404249
20553 338 1238028164
20553 3208 1223495712
20553 15497 1226363928
20553 41940 1228170553
20553 32484 1238629329
20553 77814 1239990385
2170954 2170954 1243055296
2170954 2170954 1243924023
2123 8482 1244843243
2123 54964 1236472245
26702 141189 1248632963
26702 70702 1237195088
26702 54964 1241134220
26702 57458 1246162100
2128 2128 1222458544
18515 8206 1235355985
18515 36157 1235403044
18515 2128 1234666459
18515 51816 1237852938
18515 51816 1237938302
18515 51816 1238133899
18515 13055 1235813084
57428 57428 1237582672
57428 11515 1237471941
57428 80480 1238689792
57428 70942 1236194375
57428 70942 1248454966
57428 32037 1241038192
57428 62313 1238180046
57428 18858 1234898919
57428 61342 1240334857
57428 21966 1245764145
57428 18965 1235681356
57428 22076 1234989791
57428 22076 1236635306
57428 22076 1240592455
57428 33411 1238943631
57428 33411 1242303084
57428 33411 1242398610
57428 33411 1244481440
57428 33411 1247663206
57428 54964 1246037868
57428 64878 1238589333
57428 42106 1239903438
57428 755 1245172229
57428 26404 1237999617
57428 6992 1247144002
57428 49018 1235516286
22617 16542 1224094007
22617 20074 1224023454
49241 111482 1245778580
49241 146 1234420608
92 1304 1219974577
92 905 1218901181
92 338 1219232255
92 92 1218155460
4194 15816 1221885157
4194 57428 1248194664
4194 132239 1247923683
6244 20261 1244149892
6244 2128 1242483904
6244 6244 1221623793
6244 6244 1221670970
6244 6244 1233879350
6244 6244 1234421954
6244 6244 1237360203
6244 6244 1243443725
6244 44685 1236641720
6244 18853 1235864437
6244 42106 1232672063
6244 24293 1229958920
14440 5633 1232946530
14440 16387 1227191092
14440 47633 1233065412
14440 93468 1242104341
14440 20774 1233365511
14440 337 1225408966
14440 14440 1224765530
14440 14440 1225779118
14440 14440 1229760485
14440 14440 1231506441
14440 14440 1236310133
14440 2424 1225252298
14440 54197 1236906892
14440 41662 1232761794
14440 10693 1237332852
14440 32484 1235626813
14440 24824 1226587902
8297 6216 1222115744
8297 59468 1244116775
8297 781 1222170279
8297 6013 1222162875
8297 20894 1222289134
8297 8945 1222815723
8297 13565 1222181699
61545 61545 1233775255
61545 61545 1235085137
61545 61545 1235087362
127084 127084 1245795345
109 109 1217663018
109 109 1218867110
109 109 1221799970
109 109 1223616245
109 109 1223974643
109 109 1225438679
109 109 1227597295
109 109 1238558071
55408 20261 1238282333
55408 23691 1245355672
55408 39278 1240151879
55408 55408 1240413317
55408 55408 1246404335
143473 54964 1248546309
57458 61342 1243701833
57458 70702 1245074721
57458 83404 1246149002
57458 40411 1245279535
57458 2533756 1233667539
115 26123 1232825408
115 18484 1231044744
115 16440 1231791964
115 2128 1237728929
115 14440 1229756961
115 115 1217916435
115 115 1218807539
115 115 1219680349
115 115 1220726050
115 115 1220997334
115 115 1223061727
115 115 1223062513
115 115 1223639304
115 115 1228225038
115 115 1236279385
115 115 1237967574
115 1196 1220524653
115 54964 1237869033
115 116 1232711831
115 89818 1245912337
115 49018 1232694206
115 192337 1237961756
115 42782 1229198295
115 337 1221623266
115 356 1220010578
115 1862 1220523324
115 1862 1230115567
115 13227 1229857846
115 22076 1246475839
116 30 1217930094
116 30 1217931115
116 1588 1219421234
116 2128 1219580598
116 2128 1219588685
116 92 1218026825
116 130278 1224592965
116 115 1218807089
116 459159 1233309096
116 51101 1232361295
116 116 1217751456
116 116 1217934833
116 116 1217944139
116 116 1217996562
116 116 1218696735
116 116 1218720030
116 116 1219585738
116 116 1219587793
116 116 1220276984
116 116 1220413293
116 116 1223649690
116 116 1224562886
116 116 1225009457
116 116 1225735645
116 116 1229064671
116 116 1230137496
116 116 1238060984
116 116 1239836321
116 116 1240143568
116 116 1240145408
116 116 1245722033
116 116 1246888873
116 116 1247128234
116 1266 1218981639
116 1266 1218982025
116 66803 1247155743
30838 136224 1247775020
4215 14606 1226448347
4215 4215 1220508607
4215 4215 1243364013
47222 47222 1230962051
47222 47222 1230962248
47222 47222 1233390333
47222 47222 1237604690
47222 47222 1240277678
47222 12605 1244237822
2169 104015 1244148240
2169 1862 1219509452
2169 2680 1219785346
2169 2169 1232586075
69755 751 1240883630
69755 20267 1240318993
69755 70702 1238144285
69755 356 1240666029
69755 51816 1238133375
69755 64878 1238585368
69755 116 1239090972
69755 83096 1241143087
69755 13227 1239762696
69755 54964 1237947176
69755 54964 1237952175
69755 54964 1238051563
69755 54964 1238326311
69755 54964 1239308989
69755 54964 1239768806
69755 54964 1240555813
69755 54964 1240869587
69755 54964 1241003019
69755 54964 1241096844
69755 54964 1241173937
69755 51649 1241221372
69755 35264 1238369762
69755 103058 1243509322
34942 59768 1246714192
34942 309834 1243084164
34942 475 1227839818
34942 64226 1247784200
34942 34942 1227652373
34942 34942 1243982174
34942 34942 1248178002
34942 34942 1249095552
34942 48127 1229983354
28804 18180 1231024895
28804 55724 1237770385
28804 93468 1249089956
28804 50525 1242795000
28804 192337 1239171543
28804 8206 1228361018
28804 18853 1240625843
28804 51816 1234235258
28804 49018 1230249274
28804 49018 1230419411
28804 49018 1230849019
28804 6013 1225502416
28804 28804 1227013744
28804 28804 1231807297
28804 28804 1247131763
28804 54964 1239308641
28804 54964 1239582380
28804 54964 1239674854
28804 54964 1239682081
28804 54964 1240124223
28804 54964 1240174987
28804 54964 1240198480
28804 54964 1247624882
28804 51101 1230993227
28804 51649 1234234990
28804 1266 1224898184
116870 116870 1248071399
53390 53390 1232503239
94351 51816 1240446338
94351 54964 1240810686
20625 20625 1222391025
20625 3208 1222398458
146 51649 1234420132
146 20010 1234239695
146 337 1222398311
146 146 1222292408
146 146 1222998680
146 146 1223947212
146 146 1231552374
146 146 1233181128
146 146 1234312849
146 146 1241752999
146 146 1241833861
146 146 1244255209
146 2197 1234239967
28817 28817 1231200576
28817 28817 1234590674
28817 28817 1234590723
28817 28817 1234590769
28817 28817 1234590887
28817 55133 1232007044
2197 46915 1229746352
2197 2197 1222915331
2197 2197 1227765035
2197 20010 1234239802
2197 6461 1230676397
39062 39062 1227909953
39062 39062 1227910632
39062 39062 1228155404
39062 39062 1232144109
39062 39062 1232752061
39062 39062 1235752890
39062 19100 1231278313
39062 9382 1237211318
39062 13491 1229138315
4249 15441 1245318203
4249 47633 1245316123
4249 4249 1221702458
4249 4249 1225228103
4249 4249 1226725757
4249 4249 1226975670
4249 4249 1232501853
4249 4249 1235167766
4249 4249 1238011114
4249 4249 1245114819
4249 16542 1223429899
4249 113845 1245447499
4249 121096 1247566561
4249 20774 1244250687
4249 20774 1244845178
4249 20774 1244857764
4249 20774 1248752327
4249 46375 1242815894
4249 125470 1247602607
4249 104015 1244148091
4249 103043 1247566651
4249 99107 1248855559
4249 7867 1225785025
4249 38663 1234858752
4249 24396 1233183693
4249 6992 1225410764
4249 6095 1239745966
59546 59546 1234233683
10396 781 1222312030
10396 13744 1222344912
10396 39975 1228214274
10396 14606 1225423058
10396 115 1221872041
10396 115 1226720209
10396 51816 1246414289
10396 10396 1222471348
10396 10396 1231467464
10396 10396 1241569610
10396 111327 1243235248
10396 11515 1236728426
10396 337 1247876481
16542 59015 1240928963
16542 6013 1235681153
16542 16542 1228953760
16542 16542 1233949155
16542 16542 1236064556
16542 16542 1242769307
16542 16542 1243184579
16542 13491 1221713892
16542 2238 1248701377
16542 2635 1233159407
16542 6461 1222966765
6309 92 1230012808
6309 41661 1242974705
6309 20603 1247773213
6309 28804 1226218265
6309 39062 1228406645
6309 39062 1237401794
6309 4249 1225487542
6309 6309 1221450222
6309 6309 1221532728
6309 6309 1221592379
6309 6309 1221921020
6309 6309 1222434835
6309 6309 1225818561
6309 6309 1227038740
6309 2238 1227200923
6309 2238 1236121485
6309 2238 1243829269
6309 24824 1226854635
6309 72749 1236023619
6309 72749 1236183321
6309 71953 1236403862
6309 6461 1227641863
6309 31056 1231622587
6309 337 1226625688
6309 32484 1242855721
6309 356 1227077958
6309 364 1224765063
6309 364 1227105800
6309 4465 1227065220
6309 4465 1236179255
6309 8570 1243949077
6309 396 1230703192
6309 18853 1234368841
6309 20946 1228083744
6309 59210 1233061623
6309 47649 1235146476
6309 38663 1227338930
6309 2635 1225374007
6309 2635 1232470538
6309 33411 1246557348
6309 19100 1231737672
6309 727 1227563017
6309 4857 1225009543
6309 4857 1226180052
6309 13055 1221848419
6309 13055 1222349311
6309 8976 1233605716
6309 894 1226895016
6309 56194 1232236735
6309 2959 1225812873
6309 77705 1244069324
6309 21406 1235854421
6309 21406 1235933067
6309 11249 1232481711
6309 11249 1232993814
6309 15441 1223914502
6309 15441 1244491171
6309 15441 1245510573
6309 23691 1226521040
6309 23691 1246067429
6309 13491 1226641643
6309 125470 1247497894
6309 94756 1240548597
6309 50434 1234539456
6309 61624 1237304647
6309 36131 1230940619
6309 36131 1243568788
6309 36157 1227631682
6309 36157 1235403108
6309 8482 1246837973
6309 50525 1234405162
6309 67009 1235174029
6309 75204 1247234325
6309 75204 1249037688
6309 91607 1244054768
6309 19929 1230275163
6309 28145 1228248326
6309 20074 1228341216
6309 54964 1236826360
6309 54964 1243249783
6309 54964 1243560447
6309 54964 1246220725
6309 54964 1246359412
6309 54964 1246368190
6309 54964 1246393132
6309 54964 1246399753
6309 54964 1246401717
6309 54964 1246402412
6309 54964 1247622361
6309 54964 1247656432
6309 54964 1247888886
6309 54964 1248140611
6309 56524 1240486746
6309 26404 1231429987
6309 20261 1233181385
6309 20261 1244082702
6309 24396 1228850568
6309 24396 1243601048
6309 34642 1228926717
6309 745 1236977507
6309 3966 1246807830
6309 46915 1231171650
6309 4003 1232143571
6309 14728 1222998550
6309 94162 1246570761
6309 94162 1247172323
1288364 1288364 1245795032
20654 20654 1222411357
20654 20654 1222424169
20654 20654 1224604226
20654 20654 1224833248
20654 20654 1224835333
20654 20654 1226056156
20654 20654 1231312025
20654 20654 1244592502
20654 21849 1228190818
20654 20526 1228216808
20654 59468 1240030216
20654 50264 1230698346
20654 65210 1236388006
20654 2197 1224297935
20654 2197 1230612849
20654 39062 1228973594
20654 13491 1230014227
20654 13491 1232506002
20654 6335 1236322711
20654 14540 1223877671
20654 14540 1233131207
20654 14540 1236176288
20654 20774 1248830961
20654 32484 1230712857
20654 33863 1236232825
20654 51649 1237608539
20654 18853 1240370257
20654 18853 1241667484
20654 18853 1242815681
20654 29178 1231863777
20654 38325 1227154872
20654 2635 1232632036
20654 81520 1243385163
20654 54964 1235810247
20654 54964 1245972355
20654 127681 1245987622
20654 127681 1245992209
20654 8482 1230970389
20654 4857 1238834350
20654 13055 1247716212
20654 38663 1231410609
20654 38663 1231836810
20654 38663 1231857068
20654 38663 1234596232
20654 38663 1234855254
20654 42769 1230732324
20654 20261 1234408644
20654 2959 1247266458
20654 7122 1222404587
73903 59768 1248308547
10420 10420 1225354983
10420 10420 1225412747
10420 10420 1228223973
10420 10420 1228226689
10420 10420 1230700039
10420 10420 1230700204
10420 10420 1236651390
10420 10420 1243485121
10420 10420 1244774077
10420 10420 1248926857
71865 71865 1249073190
6330 63742 1246419780
6330 77393 1247536638
6330 108639 1246281549
6330 97405 1242222293
6330 9382 1221743899
6330 18091 1246165335
6330 86259 1238729085
6330 106245 1245123125
6330 86837 1243913727
6330 49485 1240572139
6330 83853 1240827852
6330 83853 1247269655
6330 356 1240571904
6330 128422 1246052887
6330 128422 1248682529
6330 108512 1247309777
4285 28804 1225062312
4285 51649 1236477954
4285 4249 1223672710
4285 39590 1236636079
4285 4285 1220411445
4285 4285 1220541721
2238 38206 1229619103
2238 49018 1242259141
2238 4249 1235519244
2238 13227 1225587566
2238 2238 1223340096
2238 745 1226675571
2238 20467 1223868504
6335 16387 1228806589
6335 26931 1226394974
6335 25782 1226342548
6335 6335 1221643467
6335 6335 1224758511
6335 6335 1226489361
6335 6335 1226998935
6335 6335 1227011459
6335 6335 1228399519
6335 29823 1228731068
6345 22076 1225308101
6345 22076 1225392020
6345 6345 1234909761
86218 86218 1240588185
14540 14540 1223281341
14540 14540 1237927307
2260 2454 1219977783
2260 1196 1220650339
2260 22076 1232397371
2260 94162 1241648335
2260 2260 1219344893
2260 2260 1220019036
2260 2260 1227023460
2260 2260 1228950445
2260 2260 1232660159
2260 2260 1244068360
2260 32484 1244657216
6358 3347 1229408764
6358 6358 1225123313
71904 139532 1247779282
71904 139532 1247782246
71904 71904 1236059206
71904 71904 1240345901
71904 71904 1246675370
71904 71904 1247186654
71904 74314 1246289619
71904 104015 1247867065
39138 13029 1227334066
39138 2128 1227266133
39138 22076 1236737029
39138 94239 1247572588
51428 51816 1233208401
51428 57997 1242966922
51428 86259 1245884886
86247 86247 1238776230
123111 126781 1247445906
123111 37450 1247882539
123111 57428 1246503567
123111 42610 1247790667
123111 15852 1247026286
123111 126691 1247836266
123111 123111 1246459968
53487 58880 1243995838
53487 89752 1242081223
53487 89752 1247004915
53487 89752 1248155533
53487 75472 1243380031
53487 118495 1244597671
53487 118495 1246664729
53487 81520 1247027227
86259 13442 1245373629
86259 5017 1245382509
86259 108512 1247803824
86259 86259 1244783666
24824 38325 1227151141
137467 312842 1248139720
137467 131456 1248790542
137467 93468 1248999683
137467 33080 1248637534
137467 74314 1247664803
137467 97390 1248827196
137467 110976 1247746895
137467 110976 1248266958
137467 110976 1248531624
137467 110976 1248969730
137467 54964 1248918247
137467 75472 1248441640
137467 137467 1248702856
137467 137467 1248795176
137467 58088 1248530544
137467 126639 1248790721
137467 126639 1248960335
10492 106762 1242361225
10492 32790 1233971137
10492 109426 1242949002
10492 109426 1243391346
10492 125194 1245734748
10492 29823 1231916493
10492 44685 1228961802
10492 1436 1224817632
10492 93416 1243485543
10492 18853 1231897393
10492 9382 1238471151
10492 19929 1236300487
10492 15497 1238398372
63742 119382 1245465555
121096 74314 1247664399
106762 131456 1248335423
106762 106762 1242305771
106762 106762 1244901525
106762 106762 1245223766
106762 106762 1245744437
106762 106762 1245911232
106762 106762 1245924697
106762 106762 1246371214
106762 68452 1245743620
106762 130278 1246286646
106762 130278 1246286996
82187 8206 1238703790
82187 2635 1239061918
82187 2128 1241385965
82187 51816 1240026419
82187 42620 1241388906
82187 57883 1246927336
82187 39590 1241735232
82187 32484 1239826309
82187 7867 1240276977
82187 20261 1244665184
82187 99256 1248388583
82187 751 1240882975
82187 82187 1238066430
82187 82187 1238359401
82187 82187 1243989045
82187 33080 1239655431
82187 12716 1237949882
82187 12716 1238065154
82187 77814 1241324923
82187 16204 1240002714
82187 20946 1239222150
14606 13744 1222327791
14606 905 1230063739
14606 905 1230154827
14606 905 1230157085
14606 16440 1231796389
14606 57997 1244499261
14606 126042 1247169568
14606 20625 1222556077
14606 20625 1222556334
14606 20133 1223000881
14606 25782 1224480302
14606 6335 1224852802
14606 14606 1224058229
14606 14606 1224059328
14606 14606 1226272548
14606 14606 1228259468
14606 33411 1226675013
14606 33411 1227424981
14606 8482 1225975203
14606 129585 1247777625
14606 18217 1225045036
14606 24396 1224831390
14606 425 1229636918
14606 35693 1229729733
14606 18858 1222290259
14606 18858 1222297207
14606 18858 1222297422
14606 117700 1247390351
14606 2424 1227745925
14606 24565 1224632578
14606 24565 1224636323
71953 71953 1240176331
96531 96531 1247858073
96531 96531 1248392914
8482 8482 1236368531
8482 8482 1237459563
8482 8482 1243896729
8482 4465 1223944592
8482 4465 1235964605
8482 55362 1232046538
24867 24867 1234391649
24867 6461 1229220876
24867 38206 1229285954
12579 1127460 1233710562
12579 54197 1244518319
12579 115 1243201950
12579 116 1223002024
12579 2715 1224825844
12579 14540 1229382027
12579 25847 1233369828
12579 19224 1223760167
12579 15710 1234917080
12579 2424 1222996309
12579 1902010 1224732149
12579 19929 1244072261
12579 337 1226022508
12579 34642 1229550809
20774 20654 1249009044
20774 93468 1247111179
20774 54964 1237244311
20774 64226 1242773655
20774 20774 1233372729
20774 20774 1233964605
20774 20774 1234935773
20774 20774 1236800584
20774 20774 1237352384
20774 20774 1238473186
20774 20774 1241054407
20774 20774 1241229422
20774 20774 1241838046
20774 20774 1242872228
20774 20774 1243552111
20774 20774 1245099362
20774 20774 1247685284
20774 20774 1247855091
20774 64878 1248218867
20774 115 1231768108
6443 108512 1247172821
6443 338 1226725468
6443 48733 1233788803
6443 96531 1245101115
98607 21255 1248743175
98607 129585 1247779339
98607 54964 1247549498
98607 111068 1248722487
102704 94162 1241787920
102704 20336 1242119573
102704 54964 1241789345
102704 54964 1241789812
102704 54964 1241792177
102704 54964 1242223411
26931 1748769 1243908841
26931 23837 1226152669
26931 26931 1225502595
26931 26931 1225948630
26931 26931 1226077222
26931 26931 1226123614
26931 26931 1226563369
26931 26931 1230093076
33080 33080 1242431772
33080 33080 1244083965
33080 745 1245833297
33080 34397 1234226151
6461 27483 1237675491
6461 6216 1224612002
6461 53794 1235577702
6461 44984 1235146048
6461 21966 1225642168
6461 4140 1232601690
6461 13442 1238355940
6461 6461 1222966565
6461 6461 1224365172
6461 6461 1225474742
6461 6461 1225761452
6461 6461 1228337063
6461 6461 1229114494
6461 6461 1229279651
6461 6461 1230422443
6461 6461 1231196128
6461 6461 1231457988
6461 6461 1231872598
6461 6461 1235258216
6461 6461 1236096096
6461 6461 1248381462
6461 37759 1227581953
6461 905 1230061653
6461 21406 1226255791
6461 36243 1232125753
12605 19929 1244071720
12605 30043 1238207000
12605 122164 1244852617
12605 2170954 1244250296
12605 12605 1247624657
12605 48067 1234583289
12605 48067 1238208620
12605 10693 1247279494
12605 86218 1238707067
12605 53487 1238806280
12605 104015 1246413726
12605 104015 1246417805
125245 1748769 1245457147
2368 109002 1243402242
2368 97118 1246683162
2368 92942 1243578323
16709 11575 1223132090
16709 121096 1247568120
16709 137552 1247656932
69959 84560 1245107322
69959 47633 1242432856
69959 93468 1247110807
69959 107165 1242342781
49485 38403 1232529214
49485 70942 1236514781
49485 70702 1240395979
49485 26931 1232439656
49485 49485 1230903305
49485 49485 1234950831
49485 49485 1235312596
49485 1144 1232783333
131407 2635 1246430004
131407 34397 1247052813
31056 20074 1226601749
338 2635 1233323660
338 115 1218850489
338 116 1219425638
338 1144 1219713224
338 13491 1221891642
338 338 1218807098
338 338 1219229798
338 338 1220002130
338 338 1224142609
338 338 1226725408
338 338 1231637580
338 338 1237955801
338 338 1238295243
338 2454 1219977760
338 13227 1222839495
337 781 1246419940
337 104015 1245900342
337 337 1225409358
337 337 1228454423
337 337 1228791545
337 337 1232413202
337 337 1232508751
337 337 1232781922
337 337 1240628341
337 337 1241141082
337 337 1243042787
337 337 1244518619
337 337 1245892375
337 337 1248407194
337 2197 1226545732
337 12579 1228793481
337 32484 1227071904
55637 38403 1232529332
55637 20654 1245976135
55637 35634 1235043734
55637 30568 1232085749
55637 49018 1236137767
55637 49018 1248340704
55637 57997 1235798879
55637 9382 1232608110
55637 54964 1247632908
55637 95573 1247634062
129366 129366 1246212039
39263 15441 1227904579
61793 89818 1241576540
117092 113195 1246387958
117092 126691 1247661247
117092 38892 1246988901
117092 22076 1246905877
356 81520 1239929977
356 356 1246911444
356 64878 1237865121
59753 20941 1235617913
59753 19929 1234402432
59753 89818 1239911333
59753 51816 1234244648
59753 51816 1238041274
59753 51816 1238120634
59753 51816 1242433176
59753 16204 1240441914
6508 14606 1222751405
6508 19224 1222464480
6508 11575 1221588866
6508 16204 1221888313
6508 16440 1222276806
6508 6508 1221694791
6508 6508 1221779795
6508 6508 1225481155
6508 6508 1231267462
6508 6508 1248877796
6508 6508 1248878429
6508 3208 1221605062
6508 2959 1224277661
6508 5017 1224179727
6508 4249 1224107644
6508 781 1223961500
6508 2238 1224519314
6508 978 1223657521
6508 8945 1223679144
6508 7162 1221844682
364 1862 1220514749
364 64878 1236062215
364 5017 1227005234
364 5017 1236061750
364 364 1217940207
364 364 1218012825
364 364 1218184325
364 364 1218199323
364 364 1219247683
364 364 1220602378
364 364 1220865251
364 364 1220875098
364 364 1220877483
364 364 1220879363
364 364 1221471926
364 364 1221473163
364 364 1221476524
364 364 1221556213
364 364 1222183862
364 364 1222350629
364 364 1223556030
364 364 1223622568
364 364 1225261338
364 364 1225346979
364 364 1225366914
364 364 1226398893
364 364 1227268984
364 364 1228994108
364 364 1236000721
364 364 1236233602
364 364 1242123211
364 118073 1245938989
364 1599 1222182272
4465 781 1223444665
4465 4465 1221539228
4465 4465 1237927613
4465 4465 1237954795
4465 4465 1244761639
59768 16709 1245749719
59768 59768 1240975969
2424 4140 1231286807
2424 59468 1241509636
2424 6244 1236303373
2424 97390 1243558421
2424 10420 1229070576
2424 2424 1224475888
2424 2424 1228132575
2424 2424 1234582621
2424 2260 1236035271
2424 14606 1225191273
2424 26931 1232451763
2424 111327 1247015482
2424 21828 1226993859
2424 2535 1222121728
2424 2535 1222919682
2424 19929 1245202373
2424 110068 1242943666
2424 110068 1242952914
2424 5633 1228781554
2424 70160 1236766588
2424 57883 1246329609
2424 49018 1248384715
2424 104015 1243479060
2424 34409 1227327795
2424 95157 1245469290
2424 109426 1247608436
2424 111482 1246315970
2424 72606 1236148887
2424 54964 1248831629
88442 13055 1246093098
88442 55408 1247258410
88442 55408 1247259256
88442 54964 1246210332
88442 125470 1247477879
88442 93468 1246262280
88442 94239 1246882420
88442 21966 1245764749
88442 126691 1246717123
88442 77814 1245965623
8570 8482 1243431619
8570 8482 1244517814
8570 11827 1221690924
8570 11827 1221699576
20860 1288364 1246015907
20860 8206 1238485322
20860 14357 1227774504
20860 33863 1235293381
20860 2170954 1237623907
20860 1144 1227648213
20860 1144 1230524450
20860 20654 1223536034
20860 58544 1232813919
20860 13491 1230013036
20860 13491 1233229900
20860 2993381 1231939322
20860 338 1224985462
20860 356 1226460424
20860 356 1226665680
20860 8945 1228273056
20860 25847 1232100220
20860 19929 1241419668
20860 62202 1242364864
20860 18853 1227317181
20860 54197 1233276079
20860 104015 1242906542
20860 104015 1243474741
20860 104015 1244010375
20860 104015 1245138251
20860 13940 1234498727
20860 89752 1245802528
20860 69959 1242255660
20860 781 1228908466
20860 19224 1234229478
20860 1862 1228216244
20860 24396 1228795503
20860 24396 1232002021
20860 24396 1237531535
20860 68452 1242439069
20860 49018 1232694873
20860 3966 1228205352
20860 61332 1245597746
20860 32484 1237623354
20860 13227 1228262717
20860 13227 1235786797
20860 48067 1233728139
20860 16204 1240013963
20860 20133 1228256392
20860 9382 1234262954
162171 2238 1227199139
384 384 1219814351
384 384 1221608191
384 396 1217966214
110976 110976 1246995731
110976 110976 1247867864
14728 781 1222410443
14728 6216 1245488978
396 396 1217968081
396 396 1229879024
396 396 1231126507
396 396 1234435679
396 396 1246566113
55693 5633 1245311856
55693 55693 1232549829
55693 55693 1245932706
55693 28118 1233215844
2454 2454 1219978751
10659 42769 1230728890
10659 1599 1222167661
10659 37450 1247882419
10659 337 1248171416
10659 2635 1228571127
10659 727 1243940038
10659 24293 1233837764
18853 18853 1221866803
18853 18853 1227168450
18853 18853 1227318232
18853 18853 1228261660
18853 18853 1228292759
18853 18853 1228343788
18853 18853 1228356306
18853 18853 1228443026
18853 18853 1229041600
18853 18853 1229577446
18853 18853 1229988960
18853 18853 1237783209
425 1127460 1227982477
425 425 1223931836
425 425 1229836145
425 425 1233018851
425 425 1239484401
425 1144 1232418811
425 72606 1236149310
18858 20029 1222055835
55724 89771 1239494592
55724 54964 1239619593
55724 22076 1240925959
55724 55362 1232114445
55724 12252 1241525120
55724 55724 1237776215
53677 53677 1231636214
53677 53677 1231731602
53677 53677 1231731938
53677 53677 1231877369
53677 53677 1231988675
53677 53677 1232583409
53677 53677 1233700017
53677 53677 1242359745
12716 57883 1246329560
12716 57883 1247885247
12716 16440 1235091433
12716 37450 1244002211
12716 104015 1245890449
12716 103504 1244862090
12716 47633 1245744092
12716 51816 1236149210
12716 51816 1240458453
12716 51816 1248310316
12716 119382 1244682159
12716 54964 1245970293
12716 60147 1238623618
12716 1284 1236230708
12716 1284 1247717097
12716 93468 1248260989
12716 20261 1236661399
12716 24396 1236737704
12716 17635 1236128134
12716 41662 1232779297
12716 22076 1236297003
12716 106979 1247014853
12716 54197 1234319241
12716 54197 1245100877
12716 337 1233320138
33213 42019 1232829155
33213 54964 1240121123
33213 54964 1243987975
33213 20553 1228510355
33213 57428 1240609421
33213 57428 1245170908
33213 57458 1246517243
33213 1288364 1246007289
33213 6345 1233730837
33213 11515 1236733260
33213 93468 1247110291
33213 58668 1243994767
33213 6461 1228078857
33213 356 1232761205
33213 356 1236922668
33213 111335 1248958306
33213 64878 1234655618
33213 64878 1236421319
33213 33152 1242276382
33213 14065 1240019279
33213 13744 1240113133
33213 38325 1228619024
33213 22076 1233623072
33213 22076 1236822569
33213 22076 1242264079
33213 22076 1245527135
33213 104015 1246169204
33213 51816 1242345657
33213 51816 1246415150
33213 33411 1229666632
33213 7867 1237870194
33213 32484 1228906127
33213 32484 1235293082
33213 8945 1234486689
33213 106979 1247015040
33213 49018 1235298891
33213 66445 1240258773
33213 61342 1240946881
33213 4003 1242332933
33213 36805 1237679544
33213 38892 1227917822
2493 83096 1247056735
2493 2493 1220477725
35264 50434 1234795375
35264 13491 1232089959
35264 35264 1231206005
35264 35264 1236632500
35264 35657 1235534978
35264 33863 1234304161
35264 6013 1235182001
51649 51649 1231192870
51649 51649 1234405919
8643 8643 1227244562
8643 32484 1228287548
8643 32484 1228288898
8643 38892 1229732318
8643 14065 1221705626
8643 14065 1221705896
8643 14065 1221781131
33225 33225 1239740834
33225 33225 1240959828
41420 13198 1241535846
41420 2635 1235278156
41420 41420 1235744088
41420 41420 1236354381
41420 41420 1240860288
41420 19421 1236532280
20941 20941 1242761650
20946 13055 1222224753
20946 14357 1224713996
20946 13227 1222996607
20946 239663 1224218885
20946 54197 1239660681
20946 16440 1238683338
20946 6461 1222967487
20946 20946 1223618402
20946 20946 1224219951
20946 20946 1232574857
20946 20946 1234807722
20946 20946 1241464405
20946 20946 1241465381
20946 20946 1245127322
20946 20946 1245468402
20946 20946 1248462067
20946 20946 1249066435
20946 19929 1245204652
20946 118073 1244571329
20946 64226 1239727373
20946 20603 1222278762
475 475 1246142741
475 10420 1226999458
475 6461 1226512012
475 727 1218514071
106979 34329 1243034075
106979 57428 1243007645
106979 54964 1247605952
106979 89818 1244078783
106979 106979 1248737538
106979 106979 1248737674
106979 107092 1245097299
106979 4857 1247074429
106979 13055 1247207184
2535 32484 1240447718
2535 2535 1222211191
2535 2535 1222228247
2535 2535 1222386356
2535 2535 1222469365
2535 2535 1230784856
2535 2535 1244848990
2535 2535 1248485995
2535 2535 1249010412
39413 131456 1248574017
39413 29 1229572469
39413 54964 1246328500
39413 1599 1227751351
39413 67009 1244073463
39413 47222 1248515065
29178 11515 1235497081
64004 104015 1246417928
64004 68452 1244624414
64004 68452 1245503326
64004 20654 1235831438
64004 58088 1247900871
64004 51649 1247000277
35335 4704 1227274661
35335 35335 1227266866
16911 16911 1222225588
16911 16911 1224206211
16911 16911 1243148465
16911 16911 1243213794
16911 16911 1243560544
16911 16911 1243560819
16911 12252 1236909636
16911 7644 1223180313
70160 70160 1236085050
70160 70160 1236910613
70160 70160 1237012140
47633 47633 1233298528
47633 47633 1242682216
47633 47633 1243401878
47633 47633 1245730817
47633 47633 1245824350
47633 47633 1245921935
47633 47633 1248257094
8722 2635 1233898621
4627 131456 1248690459
18965 18965 1235179505
18965 18965 1236720418
18965 18965 1244577938
57883 42106 1243031163
57883 57883 1232743621
57883 57883 1243111820
57883 57883 1243369891
57883 57883 1244775453
57883 57883 1246500268
57883 57883 1246656943
57883 57883 1247885917
57883 364 1243029334
125470 125470 1246968101
47649 47649 1239274140
47649 32484 1247642893
53794 781 1235441098
53794 8206 1235197365
53794 53794 1233665274
53794 53794 1233666267
53794 23300 1235406534
53794 30 1236222317
53794 10019 1234841730
53794 36805 1237683200
53794 21966 1235138457
53794 12881 1234612405
53794 32484 1234766412
53794 6013 1234585094
94756 94756 1240576797
6694 8761 1224740779
6694 8761 1224745206
6694 338 1225180048
6694 745 1234038136
100902 57883 1246653953
100902 125857 1248904441
100902 100902 1242276085
100902 100902 1246397497
100902 108512 1247996232
100902 32484 1243309982
100902 32632 1245276867
551 551 1218072029
551 551 1218094742
78377 33411 1241116034
78377 19884 1240338883
78377 338 1240218218
8745 1588 1224046704
8745 33411 1226635130
8745 33411 1227581339
8745 33411 1238186473
8745 3208 1225414572
8745 23691 1229507633
8745 20654 1224311612
8745 20654 1227772749
8745 337 1222151189
8745 337 1222489191
8745 337 1232765576
8745 54197 1235433014
8745 459159 1233309863
8745 38206 1232675349
113195 113195 1246559916
113195 113195 1248282130
113195 74314 1247664495
113195 74314 1248711777
45620 4704 1235370196
45620 2635 1235361459
45620 36131 1233287430
45620 45620 1232014296
45620 45620 1232449507
88631 9382 1241558392
88631 89771 1241595528
88631 83119 1241639971
88631 2128 1241320170
88631 25847 1241487339
8761 8761 1221523845
8761 8761 1221524969
8761 8761 1221614860
8761 8761 1221702137
8761 8761 1221791272
8761 8761 1221793463
8761 8761 1222219958
8761 8761 1223630914
8761 8761 1224810945
8761 8761 1226014757
84538 84538 1242143599
78396 78396 1245307999
78396 78396 1247829073
37450 47633 1244670012
37450 37450 1226807121
37450 64226 1248727128
2635 76859 1238993215
2635 2635 1222993337
2635 61342 1233573586
2635 6335 1233580414
74314 89752 1243782912
74314 89752 1244728518
74314 89752 1247143071
74314 2170954 1243514959
74314 104015 1245260225
74314 84560 1243437076
74314 2128 1248264375
74314 75472 1245246229
74314 75472 1245849080
84560 84560 1245695889
84560 54964 1246739345
84560 54964 1247546343
84560 39590 1241735541
12881 3208 1221613479
12881 781 1223007170
12881 23585 1223350804
12881 337 1232777559
12881 12881 1222912272
12881 12881 1224737168
12881 12881 1236896543
107092 107092 1242690469
107092 107092 1248981237
80480 80480 1244569615
4704 4704 1220720560
4704 4704 1222582727
4704 4704 1222609834
4704 4704 1222614622
4704 4704 1235400305
4704 130278 1220639251
10853 3208 1222157212
10853 44984 1232621699
10853 44984 1232621920
10853 13342 1221989026
10853 15441 1222074566
10853 19929 1222566782
10853 50434 1235253181
10853 10098 1222326722
51816 51816 1231373507
51816 51816 1245108609
51816 781 1231388747
2663 3208 1224185631
2663 51101 1232359436
2663 10420 1231328098
2663 16440 1222272216
2663 6335 1247504835
2663 356 1220119175
2663 2663 1223998641
2663 2663 1224522588
2663 2663 1226759863
2663 2663 1229601634
2663 2663 1230638697
2663 2663 1232033876
2663 22076 1232634787
60020 48067 1234000789
60020 60020 1233284036
4727 11827 1221709133
4727 11827 1221709649
4727 11827 1221853632
4727 6992 1221593043
4727 4778 1221090307
4727 4778 1221090976
4727 20406 1235068828
4727 20406 1235171865
4727 2993381 1232603834
4727 33481 1226224159
4727 14065 1222127444
2680 2680 1234844232
33411 33411 1226649413
33411 33411 1226675660
33411 33411 1227431506
33411 33411 1229664787
33411 33411 1230745902
33411 33411 1230913108
33411 33411 1232539977
33411 33411 1244795040
33411 120800 1246386683
33411 337 1227592152
33411 10396 1235791798
103043 38663 1246339684
103043 20654 1248829829
103043 70942 1245928104
103043 84538 1248904452
103043 126781 1245781412
103043 126042 1246300989
103043 20010 1247430452
103043 83119 1244857298
103043 127681 1245988736
103043 117700 1244855437
21126 21126 1247788027
21126 3208 1222398811
21126 6992 1222214828
21126 93468 1249095415
21126 14728 1222834469
10887 3208 1222398259
45704 2128 1234215464
45704 45704 1235082371
45704 45704 1236626852
45704 45704 1241548923
45704 45704 1241549286
45704 9382 1235604689
39561 14440 1233866541
39561 39561 1229716827
39561 39561 1242748555
39561 39561 1242852815
39561 39561 1247007669
55948 1196 1245106532
57997 57997 1232676367
57997 57997 1233372465
57997 57997 1233374948
57997 57997 1233378177
57997 57997 1234339658
57997 57997 1235098778
57997 57997 1235182848
57997 57997 1236056001
57997 57997 1236926588
57997 57997 1236988181
57997 57997 1244254951
57997 57997 1244865489
57997 117700 1244767567
12943 33863 1232070826
12943 33863 1240960572
12943 109 1222492853
12943 23691 1230777826
12943 2197 1232762253
12943 2197 1239062193
12943 13491 1233405011
12943 6335 1223962756
12943 6335 1226999651
12943 36131 1228886756
12943 11575 1223079778
12943 72606 1236151543
12943 64878 1234603280
12943 91607 1243986357
12943 10396 1246422047
12943 11820 1222225951
12943 2635 1228456034
12943 51816 1236410492
12943 51816 1242887507
12943 51816 1243643517
12943 33411 1226656606
12943 33411 1227582246
12943 33411 1229678990
12943 12943 1227074126
12943 41662 1232772174
12943 127681 1245799679
12943 4857 1236744488
12943 4857 1238716097
12943 38663 1231913625
12943 38663 1246518837
12943 781 1223008006
12943 781 1223445180
12943 85830 1245471812
12943 24396 1247543047
12943 57997 1241071294
12943 2959 1247269345
103058 103058 1243509968
103058 103058 1247882944
121493 121493 1245964037
121493 396 1248991541
139927 2128 1248189074
139927 70942 1248170655
139927 75472 1248442013
6807 38663 1232070335
6807 38206 1229300310
6807 10093 1229223755
6807 10396 1222359429
6807 130278 1224600104
6807 22247 1225479764
6807 7162 1221844701
84634 91607 1246422867
84634 129366 1246425471
2715 2715 1224826664
2715 2715 1227322813
2715 2715 1231821155
19100 26404 1236010811
19100 57428 1237386950
19100 33411 1238940356
107165 107165 1242345815
4771 4137 1220665174
4771 20074 1224122343
2725 12605 1242270787
2725 2725 1233557869
39590 39590 1232466529
39590 39590 1247150782
43687 396 1230703587
43687 93468 1246505975
43687 43687 1231479525
43687 337 1232189927
43687 19929 1231471301
43687 53487 1246425032
43687 24565 1233361580
133802 23528 1247179154
133802 42620 1248903039
133802 86259 1246927017
111276 111276 1244252657
111276 28804 1243472975
111276 104015 1244027127
111276 68452 1243063730
105148 33080 1248639007
105148 57883 1242880412
105148 57883 1242899731
105148 54964 1243367086
41661 42019 1233053235
41661 70702 1239353762
41661 28804 1232097748
41661 74894 1247899177
41661 28817 1231042120
41661 64878 1240910721
41661 10396 1232097205
41661 14606 1247998282
41661 8482 1231934344
41661 58668 1236064101
41661 36157 1233053638
41661 38206 1231040692
41661 337 1248072800
41661 134597 1248940830
41661 425 1236407352
41661 51649 1241418624
41661 22076 1229596844
41661 2635 1231855582
41661 33411 1228555959
41661 54964 1238327913
41661 54964 1240221833
41661 41661 1229174015
41661 41661 1231476158
41661 41661 1232189861
41661 41661 1232711270
41661 41661 1235403644
41661 32484 1231733647
41661 18180 1237615130
41661 94239 1246958094
41661 27483 1237694333
41661 78396 1246085699
41661 25450 1237533931
41661 25450 1241071672
41661 10093 1229225424
41661 10093 1229226465
41661 49018 1230385896
41661 49018 1237966196
41661 61342 1240823757
41661 13227 1229858721
41661 49485 1234598275
41662 41662 1227926693
41662 41662 1233364161
41662 41662 1236237574
41662 41662 1236306585
41662 41662 1236313876
41662 41662 1236728408
41662 41662 1241753451
6848 8206 1223480398
6848 50525 1244064869
6848 117092 1247502292
6848 115 1223407998
74439 51816 1248743706
74439 57014 1245707610
74439 111327 1245969808
53960 53960 1237590690
53960 53960 1238534538
53960 53960 1246551030
53960 19929 1234420976
33481 33481 1225685566
31434 31434 1225061538
139985 116483 1248186505
139985 99107 1248855785
139985 20654 1249039586
139985 44984 1248330096
139985 2959 1248630729
13010 34942 1246701372
285399 338 1232408651
285399 285399 1232302641
285399 285399 1233937074
285399 285399 1236063013
285399 285399 1248091562
727 129366 1246173291
727 727 1224888771
727 727 1226007076
727 727 1228162593
727 727 1228177132
727 727 1237283574
727 727 1238810425
727 727 1239847600
727 727 1244055702
727 755 1218270525
29407 125857 1247973370
29407 13442 1242835508
29407 83096 1248800741
29407 1245 1232675420
29407 24451 1232655918
29407 29407 1226030074
29407 29407 1226097409
29407 29407 1247055279
29407 338 1243303052
29407 109002 1248018715
29407 91729 1243372163
29407 51816 1237426077
29407 51816 1243382248
29407 42620 1246571740
29407 39561 1241451039
29407 70942 1240340459
29407 70942 1240407130
29407 32037 1229659104
29407 5897 1234029545
29407 32632 1228074827
29407 70551 1240015062
29407 59303 1240182314
29407 37759 1238546692
29407 54197 1246913310
29407 48067 1247968929
29407 117700 1244677664
111327 111327 1246340129
111327 111327 1246359201
111327 111327 1246613349
111327 111327 1247200585
111327 111327 1247704008
111327 111327 1247982266
111327 111327 1248216250
111327 111327 1248329911
64226 64226 1236711863
64226 64226 1236791590
64226 64226 1240589568
64226 64226 1241454688
64226 64226 1242427539
64226 64226 1242427568
64226 64226 1246290146
64226 64226 1248902761
13029 11575 1228874225
13029 13029 1221787356
13029 22247 1224278026
13029 20654 1222425543
111335 22076 1247203657
111335 51816 1244684610
111335 51816 1247121970
111335 51816 1249015832
111335 51816 1249021037
111335 79496 1249097442
111335 57997 1248505977
111335 74894 1247897846
111335 39590 1247756054
111335 139909 1248965756
111335 2260 1247667762
111335 29823 1248869874
111335 126691 1247664368
111335 38663 1247735103
111335 23691 1247668565
111335 6992 1249094995
111335 64878 1248255983
111335 36805 1248251993
111335 21981 1246948768
111335 57428 1248882779
58088 2128 1248664972
58088 50525 1248987112
58088 110976 1248396851
58088 110976 1248997779
745 54964 1233554835
745 54964 1234702765
745 54964 1245915438
745 54964 1246844863
745 51816 1239248241
745 51816 1239337476
745 51816 1239338885
745 115 1220096756
745 116 1218589080
745 116 1219507876
745 69755 1243741635
745 3208 1223807078
745 1196 1220980841
745 16204 1240445589
745 745 1218588922
745 745 1219860771
745 745 1224361597
745 745 1225469025
745 745 1226961923
745 745 1227447672
745 745 1228244625
745 745 1228252517
745 745 1229941343
745 745 1230466906
745 745 1232042596
745 745 1233074561
745 745 1234035386
745 745 1234707733
745 745 1235233132
745 745 1237827146
745 745 1239220907
745 745 1240785938
745 745 1242767305
745 745 1243129022
745 745 1243398370
745 745 1245643380
745 745 1246159942
745 60020 1237033580
745 4857 1236598907
745 13055 1244147303
745 19224 1224823745
745 39726 1235509435
745 18265 1239767164
745 50525 1242896635
745 50525 1244450138
745 51649 1244442229
745 19929 1245299925
745 104015 1245882644
745 104015 1246167501
115432 38663 1246520109
115432 20774 1244858081
115432 76859 1244505086
115432 54964 1245972908
107245 107245 1248817580
751 751 1219883421
751 751 1222487568
751 751 1223081141
751 751 1231542395
751 751 1240955892
751 751 1241732613
751 751 1242788468
751 35634 1239389069
751 12267 1222472896
8945 51428 1233634766
8945 8945 1222682237
8945 8945 1232424030
8945 8945 1234520696
8945 24565 1225330085
6897 781 1223007167
6897 239663 1224022910
6897 2535 1222919877
6897 39278 1245358582
6897 11892 1223939359
6897 13491 1224208993
6897 21981 1248916840
6897 6897 1221787875
6897 6897 1222473668
6897 6897 1223006667
6897 6897 1224815600
755 755 1218595866
755 755 1224266161
755 755 1229845491
755 1304 1218746237
755 1304 1218746394
60147 60147 1233275420
60147 83096 1244153326
23283 27483 1245972813
23283 54964 1241920780
23283 2128 1241385917
23283 57428 1240406249
23283 57428 1241556438
23283 57428 1249049002
23283 2170994 1245813678
23283 59546 1235647109
23283 33080 1247353803
23283 10420 1230695888
23283 10420 1231325920
23283 10420 1236649614
23283 6335 1226911011
23283 6335 1228832253
23283 2260 1236032344
23283 14606 1224851093
23283 20774 1242247368
23283 111327 1243228208
23283 111327 1248658892
23283 61250 1245707111
23283 55693 1243509294
23283 356 1232761116
23283 356 1238536197
23283 39278 1241989173
23283 59768 1248532518
23283 18858 1227744345
23283 117499 1245455298
23283 29178 1234515588
23283 56753 1238214771
23283 51816 1234408929
23283 51816 1235194801
23283 51816 1235738782
23283 51816 1235799688
23283 51816 1236052922
23283 51816 1236231295
23283 51816 1236920079
23283 51816 1237339050
23283 51816 1237348419
23283 51816 1237350600
23283 51816 1238028749
23283 51816 1238632581
23283 51816 1240445689
23283 51816 1241481325
23283 51816 1242003760
23283 51816 1242345001
23283 51816 1244860705
23283 51816 1245733946
23283 51816 1248743613
23283 51816 1249093462
23283 39590 1238011306
23283 64878 1244630402
23283 72443 1241830530
23283 72443 1247207372
23283 781 1228468203
23283 98094 1242109305
23283 98094 1248243098
23283 84839 1240701660
23283 7021 1234910526
23283 109426 1243627881
23283 86259 1248820218
23283 66445 1240005042
23283 72606 1236179934
23283 57997 1248492791
23283 57997 1248505797
23283 95573 1247376325
23283 117700 1244185949
23283 117700 1244274924
23283 117700 1244412991
23283 117700 1244549612
23283 117700 1244592219
23283 117700 1244858744
23283 117700 1247792232
23283 117700 1248510509
23283 23528 1243924148
23283 131930 1248091905
23283 13342 1238010827
23283 76859 1239231714
23283 74894 1247919565
23283 35693 1246393651
23283 9382 1228358815
23283 9382 1244524801
23283 6345 1245871982
23283 13502 1248821205
23283 49018 1248340335
23283 337 1225409093
23283 337 1232156572
23283 3347 1241492559
23283 2635 1241322240
23283 1588 1240836920
23283 17635 1239405762
23283 5578 1229580141
23283 21966 1236585816
23283 7644 1223802205
23283 21981 1232427961
23283 21981 1248305385
23283 42782 1234132610
23283 58880 1236075017
23283 20010 1234248090
23283 22076 1228837528
23283 22076 1229353569
23283 22076 1229785478
23283 22076 1235864735
23283 22076 1237231836
23283 22076 1245098676
23283 22076 1245443757
23283 1599 1223070226
23283 10693 1223069911
23283 70160 1236498375
23283 42620 1242596816
23283 52879 1246050438
23283 85662 1239308212
23283 70942 1236756824
23283 32484 1233996841
23283 32484 1235195023
23283 32484 1236470086
23283 32484 1240348022
23283 32484 1241588792
23283 32484 1244936572
23283 14065 1241138339
23283 20261 1238366184
23283 20261 1245380800
23283 319274 1236461654
23283 79496 1237410066
23283 39561 1239972300
23283 1862 1228214479
23283 34644 1229135081
23283 55133 1231990305
23283 55133 1232404127
23283 20336 1225979600
23283 6013 1244864507
23283 59303 1240865456
23283 120800 1246129662
23283 79853 1237784469
6903 356 1227081994
6903 34642 1225924827
6903 6903 1239228963
6903 15710 1227048284
6903 13055 1226955433
4857 1196 1223514118
4857 6992 1221933129
4857 4857 1220845414
4857 4857 1223647691
4857 4857 1238951741
4857 4857 1247678813
62202 54964 1240991327
62202 54964 1241004758
62202 62202 1234517328
62202 62202 1247726347
72443 115 1235939217
72443 37759 1238619404
117499 117700 1244867535
117499 117700 1245384220
117499 50525 1245373347
117499 54197 1245100434
82686 4215 1238081078
82686 42106 1238178677
82686 42106 1238514772
82686 72443 1238308368
82686 44984 1238872533
82686 44984 1238944119
82686 19929 1238884575
13055 2197 1231949565
13055 2454 1221609571
13055 1144 1231133751
13055 49018 1231948088
13055 49018 1232380214
13055 13055 1222224837
13055 13055 1234623039
13055 13055 1234877097
13055 13055 1234915645
13055 13055 1236397509
13055 13055 1237001878
13055 13055 1238748590
23300 2635 1245770353
23300 44984 1229002226
21255 21255 1238657566
21255 21255 1241138871
21255 21255 1241739743
781 831 1218359586
781 14606 1243848332
781 4140 1222842729
781 92 1218271027
92942 8206 1240733360
92942 91607 1243336250
8976 8976 1242162326
8976 20603 1222130331
19224 2725 1231225904
19224 19224 1221990999
19224 19224 1232145569
19224 19224 1237607130
19224 19224 1240946398
794 109 1219374696
60188 9222 1233689029
60188 57428 1245168102
60188 55408 1242146158
60188 115 1245097199
60188 25782 1233602301
60188 25782 1235601883
60188 15497 1234394194
60188 9382 1240493432
60188 20261 1241808155
60188 111482 1243270860
60188 93468 1249079310
60188 11575 1233276866
60188 33080 1234972590
60188 32484 1240240818
60188 32484 1240852593
60188 32484 1241556868
60188 356 1238536226
60188 6897 1234391282
60188 91607 1242421822
60188 47633 1241703537
60188 22076 1238782479
60188 2635 1234287010
60188 59015 1240929631
60188 39590 1233937590
60188 4215 1238611853
60188 64226 1243368606
60188 72443 1240199058
60188 33411 1241113343
60188 10019 1239811421
60188 1862 1233356608
60188 97118 1240952281
60188 86259 1246307679
60188 95573 1248892872
60188 1009 1234207365
39726 39726 1244675054
27439 1127460 1226455652
27439 51310 1243026569
27439 23691 1226515903
27439 65210 1240877299
27439 6335 1228996559
27439 4857 1225755550
27439 19929 1227851702
27439 27439 1225701069
27439 27439 1226577631
27439 61250 1243655778
27439 24396 1226996423
27439 18265 1224734012
27439 364 1224820429
27439 6013 1224658784
35634 751 1239672531
35634 35634 1238633531
35634 35634 1238727453
35634 35634 1242278473
35634 35634 1245459748
35634 35634 1249018329
86837 70551 1248337591
86837 18180 1246394762
86837 54964 1243142837
86837 54964 1248563888
86837 54964 1248944036
86837 86837 1242259484
86837 86837 1243041521
86837 86837 1246182556
86837 86837 1247956797
86837 104015 1242786335
86837 107092 1248920882
86837 108512 1247801257
86837 51816 1243390934
25398 66445 1235522241
25398 1127460 1228141212
25398 35634 1248940858
25398 54964 1242626266
25398 48067 1238845345
25398 11105 1242365802
25398 1144 1233823066
129847 129847 1247460977
2170994 2170994 1223099094
2170994 2170994 1233639583
2170994 2170994 1234415368
2170994 2170994 1243307522
831 831 1228550843
831 831 1243146880
831 831 1243940297
27461 3208 1227487304
27461 2128 1227266493
43851 32484 1231564905
6992 6992 1227240484
6992 6992 1246876577
70482 123661 1245180792
70482 70942 1244766346
70482 70702 1242205894
70482 84538 1248898249
70482 126781 1246126104
70482 1599 1248345842
70482 104015 1246231189
70482 51816 1245717747
70482 51649 1247533635
70482 89752 1243960018
70482 61342 1246569166
70482 49018 1248171729
70482 54964 1242888295
70482 54964 1242986195
70482 54964 1244414155
70482 54964 1248958628
70482 126691 1248784398
70482 128422 1247323221
70482 72443 1247246628
131930 131930 1248602385
131930 131930 1248623604
27483 32484 1240954751
27483 13198 1246576138
27483 27483 1232766877
27483 27483 1243712245
27483 27483 1244077540
27483 27483 1244193156
125790 117700 1249098879
125790 125790 1246455463
97118 97118 1243454642
11105 11105 1241058325
11105 11105 1241748193
68452 12605 1242268218
68452 106554 1242267643
11110 11110 1237871195
11110 33324 1231229734
84839 84839 1239164690
84839 84839 1239218220
84839 84839 1245990406
74601 19929 1248586105
74601 22076 1247577859
74601 126781 1246918283
74601 117700 1247511109
74601 74601 1245962328
25450 55362 1239818090
25450 781 1246291301
25450 39912 1231788652
25450 39912 1231801207
25450 25450 1231210288
25450 54964 1233594361
25450 121 1241725513
62313 62313 1233767471
62313 62313 1233768167
62313 62313 1233879678
62313 62313 1234035000
7021 14357 1224785800
7021 16440 1222269324
7021 20946 1224690652
7021 7021 1224620936
7021 7021 1224783190
7021 7021 1231458064
7021 7021 1241724724
7021 7021 1242233208
35693 35693 1229729156
25457 20553 1225768198
25457 86218 1244743684
25457 2635 1234202661
25457 35693 1246392252
25457 25457 1228456150
25457 25457 1233961766
25457 25457 1240942265
25457 25457 1244649592
25457 38325 1228619714
25457 24824 1226864446
25457 22076 1229468308
109426 109426 1243365561
109426 109426 1243541163
109426 109426 1246507003
109426 117700 1244504365
109426 104460 1244168571
72563 93468 1241049927
72563 72563 1236709273
72563 76859 1238992878
72563 15710 1239212734
23414 23414 1224844987
2942 1144 1228448197
2942 1436 1228618110
37759 37759 1226719415
37759 37759 1226962175
37759 37759 1228972609
37759 37759 1228973429
37759 37759 1239826141
37759 37759 1240957903
894 42782 1230152916
2947 2947 1220026011
2947 12943 1227075241
2947 70942 1243036613
2947 16204 1223415733
2947 727 1227562396
2947 89818 1239940044
4997 19224 1222466111
4997 11820 1226108414
4997 11575 1223079662
4997 6244 1224888659
4997 6244 1234237683
4997 6244 1235439684
4997 4997 1221179130
4997 13227 1222996033
4997 14031 1222952181
4997 14031 1226768502
4997 14031 1239929815
4997 727 1225311035
4997 727 1225316673
4997 727 1227664175
905 16440 1232323252
905 22076 1223407342
905 109 1222453683
905 115 1220374107
905 116 1219508030
905 45704 1235668778
905 1736 1219965103
905 1736 1247064077
905 755 1218422215
905 8976 1222805857
905 1862 1219723431
905 1862 1223588234
905 29 1247766155
905 905 1218738765
905 905 1218900638
905 905 1218901294
905 905 1218901761
905 905 1219780291
905 905 1220644122
905 905 1221511687
905 905 1221701769
905 905 1221848846
905 905 1223328332
905 905 1230146151
905 905 1244060944
905 18858 1223402055
905 13227 1222138818
905 13227 1224085034
905 337 1218771272
66445 104015 1244150500
66445 1304 1243979422
66445 58768 1234991903
66445 54964 1241883378
66445 49018 1234996842
13198 57883 1242765753
13198 103504 1242153551
13198 103504 1248450948
13198 132239 1247356328
13198 83096 1247361246
13198 1284 1243020166
13198 93468 1246274787
13198 93468 1246275012
13198 118073 1244571240
13198 118073 1245939182
13198 118073 1245940797
13198 97118 1242766127
13198 77705 1243092810
13198 13198 1236621058
13198 13198 1243416394
13198 13198 1244466953
13198 13198 1245947779
13198 13198 1247494562
13198 58768 1245854911
13198 13227 1232571513
13198 95663 1242293866
13198 117700 1244804423
13198 109002 1248019191
2959 2959 1222457826
2959 2959 1222459995
2959 2959 1222983954
2959 2959 1225811861
2959 2959 1227557634
2959 2959 1227566337
2959 2959 1242174966
2959 2959 1243781691
2959 20654 1248137343
21398 21398 1230680097
21398 45109 1232069943
21398 20553 1233618795
21398 32484 1230015171
21398 27483 1245130757
21398 54197 1232075929
21398 41662 1236303055
21398 36243 1227052000
21398 36243 1231385106
21398 36243 1231895245
21398 1436 1224816876
21398 38325 1227153832
70551 70551 1241002255
70551 70551 1248589244
5017 19224 1223759880
5017 5017 1224085285
5017 5017 1226189889
5017 21406 1223272290
5017 18217 1229014982
72606 72606 1236854813
21406 28804 1236060424
21406 36131 1233120042
21406 239663 1223958139
21406 42019 1237189291
21406 18406 1223272268
21406 47222 1235541893
21406 42106 1239255310
13227 42782 1232925463
13227 32484 1226474443
13227 13227 1236588118
54197 54197 1231801712
54197 54197 1235694608
54197 54197 1237936424
54197 54197 1248745754
54197 54197 1248745951
95157 54964 1240789314
95157 54197 1240952801
95157 95157 1240981961
95157 95157 1245390429
95157 95157 1247709088
119738 121493 1245298471
119738 19929 1245294791
119738 51649 1245540458
119738 74314 1245777797
119738 32484 1244656776
119738 32484 1247989930
48067 48067 1235449066
48067 48067 1235809551
48067 48067 1236826320
48067 48067 1247650277
117700 117700 1245650176
7116 109 1221559523
7116 49018 1235515451
7116 13227 1222642595
7116 7116 1222294529
7116 42620 1237584488
7116 7162 1221510630
7122 831 1225291161
7122 20074 1225297607
7122 7122 1223490937
7122 7122 1224798795
7122 337 1221623714
41940 41940 1228935233
19421 58375 1237503190
39912 39912 1243019936
23528 104460 1242597024
23528 47633 1248146193
23528 146478 1249026429
23528 77393 1241135208
23528 51816 1240531147
23528 97390 1245099039
23528 42620 1239257385
23528 54964 1248160610
23528 89818 1248932954
23528 6013 1243552339
23528 93468 1241049588
23528 93468 1247110274
23528 68452 1235633974
23528 132985 1249023664
23528 117700 1244515386
23528 91607 1241901261
23528 91607 1241903753
23528 23528 1235261436
23528 23528 1238029928
23528 23528 1245113675
23528 23528 1247309533
27631 2959 1226051163
27631 38325 1227151219
27631 29178 1227607699
1009 6807 1237154315
1009 50899 1241038612
11249 11249 1221573038
11249 11249 1222280930
11249 11249 1222956972
11249 11249 1223327821
11249 11249 1232657984
11249 11249 1233878408
7162 7162 1229724864
7162 7162 1242425333
48127 48127 1229901391
9222 9222 1226014097
9222 9222 1226443137
58375 58375 1235704888
58375 58375 1236819497
58375 58375 1247785582
136208 126691 1247843900
136208 71865 1248639480
125969 85830 1245989549
3095 11105 1241056694
3095 3095 1241056102
13342 6013 1224281795
42019 47633 1233015415
42019 459159 1233309298
42019 42019 1234437945
42019 42019 1244653194
42019 9382 1233067689
42019 4140 1233096127
42019 4140 1233097493
42019 364 1233053130
1127460 1127460 1220311789
1127460 1127460 1220635262
1127460 1127460 1220894160
1127460 1127460 1225381814
1127460 1127460 1225752626
1127460 1127460 1229731390
1127460 1127460 1230137957
1127460 1127460 1248794534
1127460 4140 1220998501
1127460 3208 1222295822
39975 41757 1227980871
39975 54964 1246251290
39975 2128 1236516872
39975 121 1227970772
39975 121 1227973218
39975 116870 1248091829
39975 13055 1237637460
39975 23691 1246315048
39975 41661 1227968704
39975 49018 1230224156
39975 745 1228367291
39975 745 1236635776
70702 59468 1240918317
70702 70942 1236603048
70702 70702 1236598533
70702 70702 1239180526
70702 50899 1240841746
5178 104707 1242080538
5178 39278 1243360461
5178 70942 1242077857
52283 8206 1231727296
52283 52283 1231974867
52283 52283 1233894382
52283 52283 1238027636
76859 93468 1247110534
76859 76859 1239232647
76859 22076 1246494950
76859 77393 1241845469
76859 34644 1239864637
76859 51816 1244082352
76859 64878 1239864576
76859 13227 1248141703
76859 111327 1246418042
76859 21966 1247212588
76859 130015 1246130657
74815 2535 1248993925
74815 22076 1236953513
74815 22076 1242006210
74815 22076 1242684295
74815 104015 1247884291
74815 51816 1239961035
74815 9382 1245201943
74815 14065 1241138565
74815 70702 1245674545
74815 70942 1236602751
74815 4465 1244760320
74815 33411 1245195929
99392 99392 1247278124
99392 83096 1241649376
99392 37759 1246074301
3137 3137 1220791081
3137 3137 1221735270
3137 3137 1233653251
33863 33863 1240788976
19530 19530 1236695354
19530 338 1235366428
19530 81520 1239917913
19530 54964 1240261296
15441 15441 1222065107
15441 15441 1222074361
15441 15441 1224586375
15441 15441 1227983264
15441 15441 1230730483
15441 15441 1230730602
15441 94162 1247834549
126042 20774 1248044832
126042 51649 1247702299
126042 51816 1249021097
126042 89818 1245912374
126042 128422 1245997294
126042 54964 1245909084
126042 54964 1245913333
126042 54964 1245995257
126042 54964 1248997408
126042 33080 1245915923
126042 126042 1245795219
126042 126042 1246335810
42082 62202 1243930384
42082 116 1248291506
42082 3966 1228205120
1123 1123 1222278981
1123 50548 1234825487
97390 41662 1241152240
62576 19224 1236992358
62576 25847 1233981482
62576 14031 1236753658
62576 727 1234492168
62576 727 1235790902
62576 727 1241578018
62576 6244 1236331112
60531 51816 1233940537
60531 51816 1234339252
60531 59753 1246383687
1144 1144 1218601124
1144 1144 1218601685
1144 1144 1219025571
1144 1144 1219723776
1144 1144 1222141451
1144 1144 1226101190
1144 1144 1229546618
1144 1144 1233824096
42106 168228 1248223912
42106 44984 1237128179
42106 11249 1241101106
42106 42106 1231976842
42106 42106 1236713492
42106 42106 1238470346
42106 42106 1247200486
42106 42106 1248976667
46204 1862 1229651467
46204 13055 1229581284
46204 32484 1230631377
46204 33324 1229503673
46204 10420 1230696197
29823 39278 1241990095
29823 29823 1238658719
29823 6335 1224584760
29823 6335 1229596935
29823 6335 1233675999
13442 13442 1233647527
13442 13442 1233707195
13442 13442 1244772620
13442 13442 1247103154
13442 47633 1241820841
13442 125857 1246480945
13442 42019 1244681312
13442 2635 1248656257
13442 130015 1244998152
13442 23528 1236115471
13442 64878 1244690803
13442 64878 1244702327
97413 59468 1241509993
97413 59198 1241532113
3207 8482 1237836074
3207 8482 1245795539
3207 192337 1239211774
3207 3207 1220395927
3207 3207 1248935113
3207 53390 1232077801
3207 53390 1233288059
3207 20894 1236485782
3207 118495 1245177380
3208 3208 1222296597
3208 3208 1222312192
3208 3208 1222371286
3208 3208 1222475169
3208 3208 1222828678
3208 3208 1225401601
3208 3208 1225413387
3208 3208 1233808308
15497 15497 1232415224
15497 1306 1221701629
15497 9382 1235605121
15497 10420 1229057412
15497 51816 1232505322
23691 14357 1228848680
23691 33863 1237505302
23691 50434 1234796700
23691 50434 1236903516
23691 115 1237997273
23691 1144 1228021398
23691 23691 1224763825
23691 23691 1226880752
23691 23691 1228193900
23691 23691 1232642422
23691 23691 1241139674
23691 23691 1247088686
23691 2197 1234240915
23691 4249 1226459910
23691 4249 1230081336
23691 4249 1231555263
23691 25782 1233174926
23691 25782 1233602849
23691 38206 1232119184
23691 58768 1234991787
23691 19929 1235193026
23691 26123 1232831471
23691 20774 1231980824
23691 4857 1227040231
23691 42782 1234123145
23691 24396 1226718304
23691 10098 1234820408
23691 49018 1232551196
115853 115853 1244571018
115853 115853 1244812340
115853 104015 1244813257
74894 74894 1240279895
74894 74894 1241499097
132239 132239 1247154189
85134 58880 1240002201
85134 33863 1240015191
85134 4194 1239241714
85134 68452 1242252317
85134 47222 1239991433
85134 28804 1243472953
85134 4249 1242434894
85134 18853 1243384302
85134 13491 1243044133
85134 13491 1244088110
9361 49018 1247614619
9361 751 1222488015
83096 83096 1242251969
83096 83096 1243953377
83096 103504 1242155586
83096 37759 1242076070
1440933 66445 1240004914
1440933 93468 1247110372
1440933 1440933 1221862595
1440933 1440933 1223701496
1440933 1440933 1231561563
1440933 1440933 1236811464
1440933 77393 1241135480
31910 31910 1242254664
9382 44685 1232590265
9382 68452 1243489441
9382 9382 1231981004
9382 9382 1233977964
9382 9382 1241827629
9382 9382 1241925751
9382 9382 1244779921
9382 9382 1247268448
76969 76969 1247906607
1196 3137 1221068888
1196 2128 1219526632
1196 3208 1222937726
1196 1196 1219427417
1196 1196 1220458158
1196 1196 1221490181
1196 1196 1221672345
1196 2260 1220991631
1196 130278 1220513205
1196 3347 1220445872
1196 11575 1221587335
1196 6461 1221502823
1196 6508 1222361263
1196 18858 1223397744
1196 22076 1232632278
1196 21966 1232616388
1196 7644 1232279954
1196 54760 1232383256
1196 781 1219533596
1196 781 1221385285
1196 4215 1220813120
1196 4215 1220818329
1196 32484 1229073061
1196 32484 1229086117
1196 4857 1232236943
1196 831 1220964005
1196 1862 1220948307
1196 19421 1221902587
1196 6335 1222173230
1196 7162 1221844469
11438 14540 1223188189
11438 9382 1221745417
11438 7021 1222882609
11438 10420 1225358661
83119 3208 1240521751
83119 83119 1244162077
83119 33080 1240865579
83119 33863 1242266087
83119 104015 1244148474
83119 1748769 1244506022
5298 51649 1233051985
5298 47222 1239777680
5298 23528 1233133119
5298 38206 1231042474
13491 13491 1248999658
13491 54964 1247553023
13491 61793 1233740947
113845 33863 1245302362
113845 104015 1245113850
113845 113845 1246593525
185527 51649 1232520486
185527 44984 1232464900
185527 19929 1231812858
13502 45620 1231890018
13502 14392 1231338999
13502 10420 1231326213
13502 2368 1231579946
13502 337 1231829434
13502 337 1232157125
13502 84839 1239330703
13502 52589 1231618674
13502 459159 1233132202
13502 13502 1224667858
13502 13502 1230782428
13502 13502 1231225414
13502 13502 1231313304
13502 13502 1231459362
13502 13502 1231806632
13502 13502 1248672450
13502 31434 1234420690
17604 1830 1233010318
17604 6345 1233732180
17604 22076 1234993094
17604 2238 1241054877
17604 2635 1234225971
17604 338 1237954995
17604 1009 1234208073
447688 113682 1246389751
447688 70551 1244655037
447688 70942 1244765953
447688 447688 1245717293
447688 137552 1247530471
447688 51310 1244659631
62667 32484 1238690021
56524 38663 1239945613
56524 20526 1233841432
56524 34397 1246788091
56524 1586 1241966383
56524 13491 1233405209
56524 13491 1233485265
56524 13491 1233937530
56524 76859 1241241137
56524 61793 1233843113
56524 131456 1248779121
56524 64878 1241329277
56524 81520 1239986229
56524 14440 1233405548
56524 2238 1243261695
56524 52589 1233833204
56524 20654 1234592434
56524 93691 1240334252
3279 6992 1222218312
3279 22247 1227308412
3279 74815 1241823464
3279 4249 1220923266
3279 54964 1240802894
3279 3279 1220581622
3279 3279 1221014392
3279 3279 1223593338
3279 3279 1225255544
3279 3279 1225308761
3279 3279 1240629866
3279 3279 1240629917
3279 3279 1240657998
3279 3279 1241575138
3279 3279 1245562573
15578 14728 1221910303
15578 11827 1236694523
15578 10293 1221803790
15578 41661 1228924107
15578 1599 1222166904
1245 3279 1240538773
1245 1245 1218687790
1245 1245 1219872937
1245 10420 1225408539
19679 49018 1233445748
19679 18091 1246759553
19679 53677 1231633790
19679 53677 1233643614
19679 95663 1243637787
19679 84118 1238381834
19679 30461 1248845546
17635 24451 1247966454
17635 89752 1248560243
17635 17635 1238496151
17635 17635 1240819078
17635 17635 1241944915
17635 17635 1242759458
17635 17635 1246417284
17635 17635 1248159755
17635 42620 1248324005
2993381 185527 1235669224
93416 93416 1246316717
93416 93416 1246327794
101616 20261 1242267751
101616 104015 1242785873
101616 101616 1242268090
101616 101616 1248145050
101616 51816 1242433246
1266 6335 1222955784
25847 25847 1233012733
25847 25847 1236037791
25847 25847 1236045403
25847 25847 1242077511
11515 11515 1242587773
11515 11515 1245788026
13565 7021 1222881537
13565 6461 1228077531
48387 57883 1242914164
48387 7714 1239741628
48387 88631 1246079374
48387 74815 1248401202
48387 51816 1246158500
48387 19929 1238435638
48387 19929 1238547721
48387 24867 1238465019
48387 3897 1240324505
48387 39278 1241645816
48387 21981 1238646633
1284 1196 1220384879
1284 1284 1219892142
1284 1284 1223609253
1284 1284 1230090749
1284 1284 1233283709
1284 1284 1237932608
1284 1284 1245206288
1284 1284 1248122710
1284 75700 1245369624
1284 54197 1244518766
23824 23824 1225760238
23824 23824 1237424665
3347 3347 1220389723
3347 3347 1220430066
3347 3347 1220462232
3347 3347 1220982140
3347 3347 1221009003
3347 3347 1221169271
3347 3347 1222715501
3347 3347 1224300526
3347 3347 1225146491
3347 3347 1244142649
3347 57135 1235042634
3347 38892 1235616815
3347 64878 1235310359
3347 33213 1234383307
3347 19929 1235193591
3347 7644 1223799882
3347 2535 1222121919
97558 104015 1244142203
97558 42106 1245186289
97558 13442 1245373135
97558 83096 1247419747
97558 57014 1245429931
97558 64226 1243369046
97558 64226 1245255029
97558 13055 1245545474
97558 33080 1247448167
97558 118073 1245940560
97558 97118 1243436290
97558 13198 1246576648
97558 56753 1244865423
97558 54197 1244511338
85271 85271 1243575094
1304 1304 1220023036
1304 1304 1221402329
1304 1304 1228069284
1304 1304 1249052704
3354 32484 1227250940
3354 32484 1227252354
3354 20860 1228990193
3354 33411 1227764065
3354 20894 1229437065
3354 13055 1227613843
1306 10420 1242253252
1306 1306 1219365728
1306 1306 1219434653
1306 1306 1220401018
1306 1306 1221856067
1306 1306 1234309759
93468 93468 1240482195
93468 93468 1245896697
93468 93468 1246529131
93468 93468 1246935897
93468 93468 1247800206
93468 93468 1248940171
23837 23837 1233876632
70942 70942 1240991042
70942 70942 1241648012
70942 70942 1242217310
70942 70942 1243613204
70942 70942 1244033342
70942 70942 1244569044
36131 36131 1231110902
36131 36131 1231193897
36131 36131 1233093340
36131 36131 1237781948
36131 36131 1238116854
36131 36131 1238362672
36131 36131 1241990722
36131 36131 1242779238
32037 139532 1247781619
32037 32037 1229540586
32037 32037 1230061761
32037 32037 1231272513
32037 32037 1232995598
32037 32037 1237417116
32037 4140 1231282295
32037 97118 1240952050
32037 16440 1229547302
32037 2663 1231352942
32037 396 1231280588
32037 25457 1236107661
32037 54197 1233096579
32037 38892 1242834852
32037 38892 1242836002
19750 2197 1233894832
19750 20133 1230166547
19750 49018 1230467570
19750 41661 1231213439
46375 46375 1239840540
81193 42620 1237954581
81193 22076 1238910458
81193 22076 1238910914
58668 19884 1234366841
58668 58668 1236239225
58668 58668 1243996716
58668 6461 1237497485
58668 10853 1235367979
58668 49018 1234310425
122164 122164 1246591269
11575 11575 1239131622
118073 118073 1245391954
118073 118073 1245558938
118073 18858 1244851677
36157 2128 1226843919
36157 51816 1236410295
36157 22076 1234989362
36157 22076 1234989675
38206 47649 1235148513
38206 48684 1231903905
38206 5897 1234044826
38206 39590 1238164464
38206 51816 1234411234
38206 51816 1237427401
38206 33411 1232379422
38206 54964 1233542818
38206 2128 1242403486
38206 59198 1241532916
38206 121 1236234034
38206 32484 1230349120
38206 32484 1233989859
38206 551 1238675061
38206 34644 1229138998
38206 6461 1229219649
38206 6461 1229219988
38206 49018 1235134147
38206 21966 1227721988
21828 21828 1223435805
21828 21828 1224021171
21828 21828 1224022260
21828 21828 1224282859
21828 21828 1226720480
21828 21828 1227326439
21828 239663 1223436407
95573 6335 1248737002
95573 95573 1244527547
95573 95573 1244779376
95573 95573 1247563574
21849 38663 1238022880
21849 21849 1245386368
21849 22076 1227203421
21849 20406 1229024235
21849 116 1229066125
21849 894 1229318043
21849 41662 1234323911
21849 93691 1243019452
21849 32484 1227917766
21849 15852 1228360555
50525 146 1230768664
50525 18853 1247190171
50525 26123 1233178267
15710 15710 1241112027
15710 24565 1248216212
34148 57428 1248564675
17766 17766 1222480341
17766 17766 1223670956
17766 727 1225331363
83304 44984 1240352117
83304 3347 1240576824
83304 49018 1240521901
83304 37759 1239964887
52589 52589 1231598181
52589 52589 1238490395
52589 52589 1242480175
52589 52589 1243004259
52589 52589 1248836669
52589 52589 1248869556
52589 11249 1233936550
64878 64878 1235066638
64878 64878 1246427078
85360 85271 1240384087
85360 51816 1240379101
23921 20261 1232517268
23921 20261 1236656277
23921 22076 1245098167
23921 13940 1232509489
23921 107165 1242342576
23921 83404 1246611914
23921 727 1242776087
23921 104015 1246412341
50548 136224 1247806535
50548 10420 1231837238
11649 47222 1235518052
11649 76969 1247187491
11649 58668 1243994651
11649 338 1224209741
11649 64878 1241589091
11649 11649 1225865351
11649 18858 1225750997
11649 51649 1234421542
11649 51649 1247020151
11649 8643 1222940716
11649 11438 1225750804
11649 19929 1227851641
11649 19929 1238720297
11649 10887 1221875917
11649 41662 1237242907
11649 41662 1244595397
11649 111327 1246680323
11649 745 1228683219
11649 4857 1223510648
11649 38663 1227066378
11649 53390 1233198466
58768 58768 1235689831
58768 58768 1245217179
58768 58768 1248406651
58768 111482 1245956900
9617 1266 1223074574
60824 60824 1234311938
60824 60824 1234312810
60824 60824 1236714424
60824 51816 1236409300
60824 62202 1234513396
1436 781 1224818083
1436 1436 1218887373
1436 1436 1219373853
1436 1436 1222403721
1436 1436 1223016798
1436 1436 1234921481
1436 1436 1235057860
1436 1436 1235134282
1436 1436 1237517443
1436 61545 1233617295
21918 21918 1222377070
21918 21918 1222380213
21918 21918 1238802744
34208 745 1241576459
34208 57883 1247710537
34208 35634 1238810550
34208 140811 1248146016
34208 34409 1227137766
34208 34148 1243569533
34208 64878 1237520215
34208 132985 1249007915
34208 66803 1248848927
34208 8643 1234489930
34208 6992 1248925543
11683 10887 1221873698
11683 11683 1229035436
11683 109426 1246420724
17832 20654 1247277323
17832 45620 1231890224
17832 47222 1231988045
17832 3208 1222371196
17832 146 1241564378
17832 33863 1239227288
17832 41661 1227927474
17832 20774 1244593822
17832 46915 1229630574
17832 18853 1244181505
17832 21918 1241042777
17832 425 1229631359
17832 10693 1222984840
17832 24396 1222992273
17832 122321 1247203069
17832 4003 1223664215
3497 3497 1229375161
3497 3497 1231799486
3497 3497 1232984788
3497 3497 1240236552
3497 3497 1242655066
3497 3497 1242655314
3497 3497 1242655393
3497 3497 1245245227
3497 3497 1245267277
3497 131930 1247282116
15785 38403 1245439370
15785 2635 1235280326
15785 13491 1244087268
15785 54964 1239118426
15785 25782 1227240728
15785 33863 1232172281
15785 33863 1240502862
15785 33863 1244585017
15785 6216 1221696512
15785 2128 1226657428
15785 76969 1246471353
15785 13227 1225394907
15785 42962 1233855681
19884 7122 1222404309
19884 19884 1243604851
9647 64226 1239166361
13744 1599 1223070271
13744 36131 1241673725
13744 33411 1226741600
13744 3208 1222822343
13744 6508 1221773468
13744 20133 1222465613
13744 25782 1243284541
13744 3279 1235184126
13744 6897 1222474088
13744 93468 1241050341
13744 93468 1242881763
13744 93468 1242882227
13744 52879 1246982901
13744 13744 1241056512
13744 141189 1248639933
13744 7162 1241730098
56753 47222 1244005280
56753 146 1234428402
56753 56753 1244507490
56753 56753 1245284793
56753 56753 1245824384
56753 64226 1236211961
56753 34644 1235782160
5555 781 1221234211
5555 781 1221490844
5555 1436 1221508990
5555 21406 1228115477
5555 5555 1230780128
5555 10420 1229113871
5555 20336 1235634191
38325 38325 1227150314
38325 38325 1229504637
38325 22076 1227134279
1902010 6216 1221525671
1902010 2170954 1236133250
1902010 68452 1243383337
1902010 51816 1243383656
1902010 3208 1221516842
1902010 3208 1222398231
1902010 3208 1233798991
1902010 44685 1234763491
1902010 1196 1220482717
1902010 10420 1233724467
1902010 51649 1239514689
1902010 106762 1244795809
1902010 59210 1233060348
1902010 337 1222473213
1902010 27483 1233116059
1902010 2947 1219955378
1902010 13227 1225536419
1902010 13227 1247531942
1902010 44984 1235169400
1902010 44984 1238200637
1902010 1902010 1220842946
1902010 1902010 1232063789
1902010 74314 1247084419
1902010 10693 1223337640
1902010 54964 1246759109
1902010 18406 1223241007
1902010 76969 1247019052
67009 115853 1245184266
67009 20074 1234827759
67009 54964 1236400906
67009 53960 1237584533
67009 19929 1235192486
67009 20860 1236150730
67009 24565 1235607614
67009 24565 1236391327
75204 99107 1248398223
134597 94239 1246946990
5578 5578 1229397240
5578 5578 1229579976
5578 5578 1229580312
5578 5578 1232146769
5578 5578 1233276346
5578 5578 1233276468
5578 5578 1234239806
5578 5578 1234315954
5578 5578 1234916683
21966 21966 1244818784
21966 21966 1245237004
21966 21966 1247751686
21966 9382 1232607497
140750 49018 1248898730
140750 54964 1248563885
140750 54964 1248807199
122321 2037537 1247091593
122321 116 1245688067
34258 31056 1244911915
34258 51816 1235198785
34258 51816 1235200983
34258 51816 1238556632
34258 49018 1234642280
34258 54964 1246092140
34258 54964 1247997628
34258 34258 1231439275
34258 118495 1245398433
34258 192337 1238208379
34258 192337 1239082229
34258 93691 1240336798
34258 13055 1237622039
28118 425 1224764434
28118 28118 1233216002
28118 28118 1237173850
28118 337 1226876310
91607 91607 1242524501
19929 44984 1231623459
19929 44984 1239040887
19929 19929 1222558711
19929 19929 1227827680
19929 19929 1230956218
19929 19929 1231648461
19929 19929 1234578832
19929 19929 1237737733
19929 19929 1239331196
95706 61250 1243051053
95706 20261 1244084701
40411 29 1245125722
40411 51649 1247533231
40411 37450 1247518025
40411 91607 1246411505
40411 356 1240346259
7644 7644 1221690309
7644 7644 1221691260
7644 7644 1221769295
7644 7644 1222643544
7644 7644 1223197243
7644 7644 1223609584
7644 7644 1231976579
7644 7644 1237614316
7644 7644 1242694807
21981 459159 1233309104
21981 21918 1222339820
21981 106979 1247014807
21981 21981 1225318026
21981 21981 1226036649
21981 21981 1226706098
21981 21981 1227841920
21981 21981 1232434526
21981 21981 1233717111
21981 21981 1234509591
21981 21981 1238733843
21981 21981 1242352860
21981 2635 1246429366
21981 49018 1233046516
54760 54760 1232851024
54760 54760 1239800967
54760 54760 1246966805
15852 3897 1244769520
15852 1599 1227260718
15852 97118 1248131619
15852 19884 1225976369
15852 755 1227248845
15852 54964 1245095305
15852 15852 1228343361
15852 15852 1248462550
15852 41940 1228859203
28145 28145 1241709312
7675 68452 1241833705
7675 83119 1243396680
50685 110976 1248658831
50685 116 1245728748
50685 132239 1247118400
50685 89818 1248933052
58880 58880 1234224018
58880 58880 1236732091
58880 58880 1237426895
58880 58880 1238117933
58880 58880 1238205514
58880 58880 1239167511
58880 58880 1240301083
58880 58880 1241514443
58880 58880 1245100293
58880 58880 1247048651
58880 48684 1235628468
58880 364 1235999115
58880 57997 1235789081
58880 83096 1244066414
58880 115 1235736652
58880 32484 1239137861
58880 27483 1237675336
58880 64878 1234604812
58880 51649 1235552298
58880 21966 1243412856
5633 5633 1226556274
38403 38403 1238466958
38403 38403 1245439129
38403 2128 1232317559
38403 32484 1237359591
38403 115 1232136453
28169 8206 1225730799
28169 70702 1236269844
28169 70702 1239202046
28169 2128 1227806539
28169 57428 1243620992
28169 57428 1244742444
28169 57428 1245345178
28169 116 1224090717
28169 4249 1224104117
28169 70942 1236194381
28169 70942 1237914765
28169 70942 1238165491
28169 70942 1238506471
28169 11575 1227298918
28169 11575 1237234066
28169 22076 1228758718
28169 19929 1236295688
28169 21981 1225985823
28169 34329 1236894250
28169 4194 1247670277
28169 91607 1243026035
28169 33411 1228244804
28169 18091 1228405380
28169 54964 1236716254
28169 54964 1236896127
28169 54964 1239820274
28169 54964 1239824932
28169 54964 1240261316
28169 54964 1243547070
28169 32484 1240256870
28169 50899 1241038027
28169 20261 1237583351
28169 1830 1233010288
28169 10093 1224272490
28169 42106 1240254818
28169 66445 1240258619
28169 2959 1229639277
28169 21406 1246453861
28169 95157 1246906626
28169 83096 1241648197
312842 312842 1247186243
312842 312842 1247865353
140811 140811 1247985742
140811 140811 1248738113
26123 26123 1229393316
26123 26123 1232990646
26123 26123 1241616709
26123 32484 1229559773
26123 20467 1228173120
26123 1144 1233936459
34329 11820 1226106919
34329 34329 1236900046
34329 34329 1243637287
34329 34329 1247696044
34329 4778 1226104210
34329 10098 1236896094
34329 54964 1240029280
3610 3610 1221953494
7714 16440 1221699342
7714 16440 1224184604
7714 29823 1239910249
7714 13442 1233703797
7714 13442 1236202245
7714 13442 1236903835
7714 13502 1230329403
7714 1284 1231567737
7714 1284 1233635085
7714 64878 1244866579
7714 5578 1232081635
7714 70160 1236821871
7714 70160 1239651827
7714 2635 1233786656
7714 51816 1234405364
7714 51816 1236742731
7714 35527 1226106381
7714 4215 1231971081
7714 727 1230001208
7714 727 1234506606
7714 24293 1233870367
7714 34942 1241210445
7714 34942 1241210973
7714 57997 1239261702
7714 7021 1236201015
7714 337 1233023541
7714 23528 1234245854
20010 3208 1222157935
20010 30 1222400273
20010 95663 1243948517
20010 185527 1222094310
20010 1902010 1234244172
20010 20010 1222265895
20010 20010 1247426352
48684 4140 1232601113
48684 1144 1230448556
48684 146 1231552280
48684 126781 1247446835
48684 54964 1247549406
48684 49018 1248381425
48684 25847 1231413686
48684 25847 1233369556
48684 32037 1239926701
48684 20774 1234302157
48684 58668 1236058789
48684 111327 1245961824
48684 38206 1231041456
48684 338 1233471811
48684 50525 1245372608
48684 337 1248484093
48684 58880 1239958039
48684 1586 1240872915
48684 22076 1233961596
48684 51816 1231381132
48684 9835 1245620354
48684 34644 1231804071
48684 104015 1246169366
48684 104015 1246412295
48684 13198 1245872619
48684 54197 1238030851
48684 11249 1239306595
11820 11820 1221839854
11820 11820 1222876017
11820 11820 1224886843
11820 11820 1227123206
11827 6992 1221593358
11827 13029 1221623187
1588 1588 1219297072
67132 22076 1236736994
67132 59468 1241509594
67132 34397 1245804823
67132 10853 1236996279
67132 97413 1242353288
67132 93691 1243039233
67132 14065 1241138407
67132 14065 1246330539
67132 70942 1236756801
67132 58668 1243994810
67132 755 1246596564
20029 56194 1232943154
20029 14357 1235378241
20029 55362 1233580309
20029 13491 1233407147
20029 13491 1234274327
20029 54964 1232965387
20029 54964 1233158293
20029 58997 1233178721
22076 64878 1234628946
22076 64878 1234630219
22076 55133 1232404068
22076 22076 1222781596
22076 22076 1222781778
22076 22076 1223999373
22076 22076 1225982563
22076 22076 1228329862
22076 22076 1229124084
22076 22076 1229355408
22076 22076 1230913754
22076 22076 1231880673
22076 22076 1232907795
22076 22076 1236123879
22076 22076 1236772522
22076 22076 1238399837
22076 22076 1240275511
22076 22076 1242055173
22076 22076 1242345416
22076 6335 1228141747
1599 22076 1236861281
1599 2238 1232909354
1599 8761 1223539463
1599 1599 1219053924
1599 1599 1219058679
1599 1599 1222961301
1599 1599 1223069657
1599 1599 1223070014
9793 21255 1240512756
9793 54964 1235920154
1606 1606 1224536055
1606 1606 1230066294
1606 1606 1234280969
95818 51816 1240986858
95818 751 1241124017
44620 2635 1233250605
44620 89752 1245100162
22093 61545 1235084760
22093 22093 1235511592
22093 22093 1241650579
91729 91729 1248984484
77393 77393 1241843885
104021 104021 1242925328
104021 54964 1249006929
104021 134597 1248914343
34397 93468 1246354035
34397 129847 1247008937
34397 104015 1245898656
34397 34397 1238112315
34397 34397 1243411049
34397 34397 1245177858
34397 34397 1246008980
34397 34397 1246788387
34397 34397 1247043605
34397 125790 1245996805
34397 125790 1246047906
34397 51816 1244601480
34397 51816 1246342798
34397 30838 1246324384
34397 20625 1246007734
34397 47222 1245898381
34397 91607 1244597384
34397 91607 1244603320
34397 32484 1244658970
34397 59303 1247004923
48733 2959 1242344533
48733 54964 1247704767
48733 285399 1233872812
48733 48733 1236206887
28258 26404 1227725290
28258 11575 1224717491
28258 4194 1246395184
28258 28817 1227339842
28258 22076 1226098114
28258 22076 1226601673
28258 115 1228087273
28258 28804 1224238073
28258 21406 1224327627
28258 745 1225389251
28258 107245 1248754101
28258 2260 1224380745
34409 34409 1228856717
34409 34409 1228857120
20074 6461 1223130945
20074 2635 1224895513
20074 2260 1222284811
20074 6358 1225122733
20074 18406 1223678081
20074 20074 1231801957
20074 20074 1244141736
20074 20603 1225820072
81520 47878 1240770263
81520 81520 1238781806
81520 81520 1240267452
81520 81520 1241401753
81520 57997 1241069008
81520 4249 1243980616
81520 54964 1239755081
81520 44984 1239041004
81520 4857 1238699000
42610 33411 1246557446
42610 36805 1245479890
42610 130278 1246606036
42610 745 1228279069
42610 116 1245724775
42610 22076 1245526436
42610 22076 1247702288
11892 116 1240935924
11892 11892 1224187469
11892 22076 1224598828
13940 13940 1221688215
13940 13940 1224470820
13940 13940 1240459810
56954 2197 1235699620
110204 110976 1248542389
110204 1304 1243061493
110204 41661 1246601260
110204 6848 1243010425
110204 54964 1243192070
110204 126042 1248479182
110204 68452 1243055822
110204 93691 1243039660
42620 7021 1232239465
42620 146 1232666001
42620 19929 1245204168
42620 5555 1230675604
42620 42620 1228861494
42620 42620 1229143191
42620 42620 1234395880
42620 42620 1235773021
42620 42620 1247862695
3712 4194 1246553097
3712 781 1228466114
3712 11820 1221682492
3712 1862 1228212764
3712 727 1226532426
3712 727 1227816152
3712 727 1235170852
3712 30568 1226044657
3712 3712 1220323869
3712 3712 1220581107
3712 3712 1220582667
3712 3712 1232753080
3712 3712 1234048302
3712 3712 1234062295
3712 24451 1233953325
3712 141446 1248129428
3712 9382 1228385064
3712 48127 1242946501
3712 21981 1226138576
3712 1266 1224730769
59015 59015 1237392696
59015 59015 1239314909
59015 59015 1242780496
52879 337 1232392891
2127508 106762 1242359962
2127508 106762 1245739380
2127508 32790 1234000568
2127508 51101 1240134425
2127508 58544 1232813326
2127508 77393 1246425314
2127508 15710 1240858439
2127508 64878 1235126197
89752 89752 1239909656
89752 89752 1240437283
89752 89752 1244636458
89752 89752 1248277919
20133 51816 1242347333
20133 1599 1223069767
20133 20133 1222314060
20133 20133 1222400432
20133 20133 1230162933
20133 20133 1232662292
20133 20133 1233793393
20133 54197 1232772570
20133 356 1239854374
20133 8945 1222308918
50853 9382 1236097949
50853 16440 1236098825
50853 50853 1237925857
18091 18091 1227082760
18091 18091 1227105103
18091 18091 1228478887
18091 18091 1229426921
18091 18091 1240503062
89771 89818 1240766688
89771 104015 1242638165
89771 20603 1242721028
89771 64878 1248987660
89771 126639 1245662449
54964 54964 1232350147
54964 54964 1233120241
54964 54964 1234784755
54964 54964 1236648376
54964 54964 1236658493
54964 54964 1237155898
54964 54964 1237851334
54964 54964 1237885920
54964 54964 1237979701
54964 54964 1238038202
54964 54964 1239083393
54964 54964 1239517535
54964 54964 1239578585
54964 54964 1239915369
54964 54964 1239930801
54964 54964 1240029267
54964 54964 1240694814
54964 54964 1240721999
54964 54964 1240791148
54964 54964 1240900303
54964 54964 1240929292
54964 54964 1240974261
54964 54964 1241005116
54964 54964 1241184347
54964 54964 1241340621
54964 54964 1241403704
54964 54964 1241483841
54964 54964 1241515930
54964 54964 1241810798
54964 54964 1242971548
54964 54964 1243031704
54964 54964 1243120642
54964 54964 1243133699
54964 54964 1243305012
54964 54964 1243459265
54964 54964 1243545289
54964 54964 1243710487
54964 54964 1243757803
54964 54964 1244775838
54964 54964 1246766376
54964 54964 1246828019
54964 54964 1246829585
54964 54964 1247098339
54964 54964 1247461711
54964 54964 1247639506
54964 54964 1247641334
54964 54964 1247720798
54964 54964 1247729733
54964 54964 1248147667
54964 54964 1248187258
54964 54964 1248371327
54964 54964 1248376506
54964 54964 1248576117
54964 54964 1248582439
54964 54964 1248776294
54964 54964 1248843582
54964 54964 1248940769
54964 54964 1248941606
54964 54964 1249023910
54964 781 1241363086
110264 51649 1244436971
110264 74314 1244119775
7867 68452 1245717659
7867 337 1239655259
7867 34942 1240361880
7867 64878 1245105335
7867 1862 1229666630
7867 5798 1247518872
7867 7867 1222122656
7867 7867 1226635828
7867 7867 1240281791
1736 6461 1230676661
14031 11820 1221875671
14031 11820 1226108791
14031 14031 1224109409
14031 14031 1230012912
14031 14031 1230013715
14031 14031 1235554060
14031 14031 1238216416
14031 14031 1239937063
14031 727 1225326257
14031 727 1235090856
14031 24293 1229751277
75472 75472 1248354936
22224 113195 1248809283
22224 95663 1243710732
22224 2170954 1236701386
22224 2128 1246634101
22224 97390 1248828548
22224 3208 1246567532
22224 115853 1244146886
22224 22224 1240952801
22224 49018 1245980394
22224 110976 1248538564
22224 110976 1248805186
22224 51649 1244128760
22224 51649 1244494537
22224 19929 1244906728
118495 8482 1246921157
118495 118495 1245622236
126691 126691 1247830687
32484 14440 1227735968
32484 32484 1227069557
32484 32484 1227633686
32484 32484 1229663963
32484 32484 1230369554
32484 32484 1230716422
32484 32484 1231738886
32484 32484 1231807428
32484 32484 1231917254
32484 32484 1233478069
32484 32484 1233548754
32484 32484 1233603492
32484 32484 1234503604
32484 32484 1234661572
24293 2424 1222996115
24293 29823 1228729952
48869 48869 1230576660
48869 48869 1230595401
48869 13055 1231829254
22247 396 1224108492
22247 2128 1227303583
22247 22076 1222783952
22247 22076 1222784144
22247 22076 1222784209
22247 22076 1222789898
18154 2635 1234397959
18154 115 1232136702
18154 51101 1232356985
18154 13491 1221891804
18154 14540 1222587066
18154 18154 1223679624
18154 13055 1231831032
14065 118854 1244686379
14065 57428 1248845379
14065 127084 1245721113
14065 25457 1226871628
14065 33481 1225680805
14065 33481 1226218614
14065 33481 1226218943
14065 33481 1228135054
14065 11515 1240328243
14065 22076 1226416700
14065 22076 1229354146
14065 22076 1229354573
14065 22076 1229355313
14065 22076 1229467768
14065 22076 1229842728
14065 22076 1231772050
14065 22076 1241920124
14065 33411 1229666698
14065 33411 1232839857
14065 126691 1245760700
14065 126691 1246457003
14065 14065 1221780924
14065 14065 1221781055
14065 14065 1241139318
14065 781 1231487576
14065 8976 1228772167
14065 26404 1227752694
14065 57135 1244788673
14065 28817 1231868466
14065 23528 1239350994
14065 90002 1244272626
14065 39912 1231868617
14065 38892 1231200236
14065 338 1224139368
14065 24560 1226500214
28401 2197 1239661203
28401 89818 1239580221
28401 28401 1233805589
30461 39975 1230082062
30461 8761 1224759140
30461 78396 1245320314
30461 84118 1247333176
30461 285399 1248031897
30461 39138 1229135229
30461 38753 1228297252
30461 38753 1234003709
30461 745 1234389227
30461 745 1234858031
30461 745 1236423787
30461 2959 1236595975
30461 2959 1242341595
30461 3497 1225249569
30461 53677 1243381761
18180 2128 1241321326
18180 20074 1226369443
18180 20074 1226439213
18180 42106 1241216645
18180 67009 1235608951
18180 11438 1225761375
18180 13491 1229138485
18180 2238 1239573044
18180 13227 1242781326
18180 75472 1241191108
18180 89818 1243373935
18180 20010 1223651821
18180 18180 1221888415
18180 18180 1225339452
18180 89771 1239493976
18180 89771 1240500483
18180 1748769 1241215840
18180 68452 1241833648
18180 51649 1237146749
18180 19929 1222030609
18180 19929 1226807367
18180 19929 1235447651
106245 106245 1248865572
16135 16135 1221705032
16135 16135 1222401216
16135 16135 1222401251
16135 33863 1239042410
16135 54964 1236814685
5897 781 1222434669
5897 21981 1222490985
5897 2942 1223244196
48910 52879 1246051366
48910 16204 1240998503
48910 77393 1244161239
48910 364 1242130501
130832 89752 1247065533
130832 4003 1247603913
130832 113195 1247173144
42769 58880 1239959858
42769 22076 1229778232
42769 38206 1232120098
42769 24396 1228945604
42769 92 1229769315
42769 88442 1245426768
42769 6335 1233671534
42769 87942 1239110743
42769 87942 1239111218
42769 32484 1229768497
42769 25847 1231414575
73491 11575 1237221559
73491 22076 1241938317
69401 106245 1244059652
42782 42782 1234815795
2037537 2037537 1236814664
2037537 2037537 1236815134
2037537 2037537 1247340407
1748769 5633 1239677131
1748769 104015 1243844646
1748769 77393 1241482644
1748769 3347 1240472224
1748769 55948 1249003854
1748769 64226 1243456711
1748769 32484 1239423869
1748769 1748769 1243405562
1748769 1748769 1248829519
1748769 356 1239833096
1748769 905 1242958315
10019 10019 1224095416
10019 10019 1242704645
20261 20261 1225751014
20261 20261 1243259973
20261 3208 1222371285
20261 13565 1222366293
1830 1830 1222486637
1830 115 1219331386
18217 14606 1244694208
18217 70942 1249001680
18217 18217 1242422793
18217 64878 1247194467
20267 19929 1222095550
20267 41757 1227980165
20267 20267 1222302194
20267 20267 1222413465
20267 20267 1225258394
20267 20267 1230009964
20267 50548 1231926457
20267 2680 1235008837
20267 36131 1231305943
98094 98094 1241745568
98094 98094 1242270892
98094 98094 1244523987
57135 20654 1245315291
57135 57135 1232762497
57135 57135 1236633514
57135 54964 1241515817
3897 3208 1222400611
3897 91607 1246059106
3897 3897 1221157526
3897 3897 1231267278
3897 3897 1238163634
3897 3897 1248628577
12091 1284 1229484539
12091 12252 1232353947
12091 13502 1231803764
59198 23300 1237376422
59198 18406 1238067785
59198 59198 1236935551
59198 59198 1243500391
59198 59198 1244543498
59198 115 1237967541
61250 61250 1233776424
1862 115 1219876494
1862 3208 1220912369
1862 3208 1222566037
1862 74894 1245218972
1862 4249 1230084005
1862 3347 1220135765
1862 1304 1221355183
1862 70942 1236473725
1862 338 1226457863
1862 364 1219743477
1862 364 1228992793
1862 396 1223714462
1862 19929 1222043017
1862 21981 1231583120
1862 48684 1240448434
1862 8761 1223539719
1862 8776 1222811077
1862 1736 1219868189
1862 29407 1227412634
1862 32484 1226986216
1862 32484 1228993623
1862 1862 1219734378
1862 1862 1220515994
1862 1862 1221177016
1862 1862 1221721840
1862 1862 1247899187
1862 24396 1222992562
1862 34644 1229135389
1862 68452 1245747066
1862 84839 1239330846
1862 6461 1225397066
1862 48067 1242810955
1862 337 1224552407
18248 13227 1222142752
18248 14606 1222751612
18248 21918 1222458349
51017 4068 1231285502
51017 54197 1233273987
51017 6461 1231194468
24396 38663 1239944551
24396 20774 1242447610
24396 20774 1245213805
24396 24396 1223275703
24396 24396 1223369011
24396 24396 1230521986
24396 33863 1232070583
24396 6335 1222954294
16204 11827 1221727563
16204 16204 1222484987
16204 16204 1225089341
16204 1144 1233821974
65358 54964 1248397822
65358 99392 1244681922
65358 59468 1241509645
65358 57428 1237388481
65358 2170994 1239845927
65358 34942 1245279522
65358 146 1241563463
65358 44707 1245482352
65358 9382 1237795128
65358 9382 1245201832
65358 70942 1240963162
65358 70942 1241919846
65358 58668 1243994507
65358 95573 1248747896
65358 90002 1244272571
65358 18858 1237005104
65358 86259 1242092070
65358 86259 1245884922
65358 86259 1245900749
65358 86259 1247274010
65358 86259 1248915350
65358 91607 1242261393
65358 19929 1245202252
65358 21981 1238052226
65358 21981 1247183269
65358 104015 1244102668
65358 10853 1236995969
65358 51816 1236421552
65358 51816 1236728359
65358 51816 1236742665
65358 51816 1236920046
65358 51816 1239061730
65358 51816 1239238695
65358 51816 1240027110
65358 51816 1240356513
65358 51816 1241134919
65358 51816 1241242861
65358 51816 1242365035
65358 51816 1242887071
65358 51816 1243383404
65358 51816 1243466738
65358 51816 1243472183
65358 51816 1244077546
65358 51816 1244085709
65358 51816 1244162778
65358 51816 1244683275
65358 51816 1245714553
65358 51816 1245715098
65358 51816 1245718298
65358 51816 1245902738
65358 2680 1239686906
65358 56954 1241745819
65358 57997 1243408038
65358 57997 1244271433
65358 57997 1248419831
65358 59546 1244849898
65358 133802 1246926250
65358 74439 1244847482
65358 7116 1236908775
65358 14031 1241853994
65358 32484 1236420655
65358 32484 1236665922
65358 32484 1236927583
65358 32484 1237595044
65358 32484 1237623326
65358 32484 1238833102
65358 32484 1239172322
65358 98094 1241653771
65358 98094 1242109082
65358 38206 1246924428
65358 32632 1237238082
65358 32632 1237622669
65358 72606 1236851335
65358 54197 1238030900
65358 34397 1244084167
65358 111327 1245744653
65358 117700 1244504253
192337 192337 1234572997
34644 34644 1228179730
34644 34644 1229258483
34644 34644 1232278075
34644 93468 1245359525
34644 29 1228259940
18265 13227 1225586136
18265 18265 1222341685
18265 125857 1246543223
18265 30043 1240290973
18265 32484 1227250161
38753 38753 1245306197
30568 11820 1232578924
30568 18484 1245237235
30568 18484 1245500707
30568 3897 1231949135
30568 3897 1246025568
30568 3897 1247849165
30568 35657 1243276136
30568 129366 1246402285
30568 8761 1244248273
30568 30568 1226772292
30568 30568 1243890200
30568 62313 1234227093
30568 62313 1245463108
30568 49018 1244961045
30568 33411 1244402046
30568 20894 1231786176
30568 81520 1240072671
30568 727 1233196386
30568 727 1235791584
30568 727 1248815243
30568 29178 1237810462
20336 20336 1229787068
20336 20336 1234442032
20336 20336 1242119493
20336 20336 1248185642
20336 20336 1249046651
20336 94162 1247832028
10098 125470 1247596934
10098 10098 1234303681
10098 10098 1235496084
10098 10098 1244565582
10098 54964 1233447919
32632 4140 1231282178
32632 1862 1231473512
32632 51816 1240029225
32632 115 1238035846
32632 7644 1246054299
32632 6508 1225495000
32632 57883 1247630333
32632 20133 1228255143
32632 9382 1228359239
32632 41662 1227930553
32632 29407 1226042920
32632 32484 1229664453
32632 32484 1239424513
32632 6903 1229639820
32632 86259 1248125346
32632 3208 1227239629
32632 33080 1229909069
32632 18858 1228264107
32632 13227 1228261914
32632 1902010 1230684134
32632 51649 1237154631
32632 25847 1243045740
32632 21966 1226357931
32632 95573 1240615335
49018 5633 1233353267
49018 10420 1237947028
49018 134597 1247815281
49018 2635 1234312365
49018 2128 1235329473
49018 356 1240431855
49018 51816 1238804650
49018 49018 1231217432
49018 49018 1245061002
49018 49018 1247614882
6013 384 1221944661
6013 24396 1242261851
6013 29 1221201788
6013 13491 1232506407
6013 6013 1224637703
6013 6013 1234223079
6013 6013 1234587027
6013 6013 1242807659
3966 3966 1221637527
3966 3966 1224164364
3966 3966 1232634079
3966 3966 1232703062
3966 3966 1244558362
3966 3966 1246468830
24451 24451 1233954605
75652 51649 1237263420
75652 70702 1240120927
75652 54964 1236712772
87942 87942 1239131663
87942 87942 1240059733
77705 81520 1239926036
77705 77705 1239820234
38796 2128 1227164932
38796 6461 1227641420
83853 83853 1243586613
22417 1588 1241254594
22417 95663 1241381538
22417 44984 1241167962
61332 24451 1246763181
61332 61332 1245593380
61332 61332 1247155145
61332 42782 1237023258
61332 130278 1246284897
51101 459159 1233310856
51101 51101 1230994208
51101 43687 1234176322
51101 41661 1232191258
51101 2635 1231219869
51101 2635 1233737643
51101 356 1248862878
51101 10093 1234186887
51101 192337 1231193214
61342 61342 1233651592
61342 61342 1234052436
61342 61342 1243703710
4003 4003 1223958774
4003 4003 1247772020
4003 23414 1224003714
59303 4140 1241889718
59303 125790 1245687711
59303 74314 1246289635
59303 2128 1242403636
59303 57428 1244477596
59303 57428 1244493326
59303 34397 1246660927
59303 51816 1240357119
59303 34942 1245279653
59303 45704 1236039334
59303 121493 1244776736
59303 32484 1240430431
59303 16440 1246906009
59303 8976 1240854391
59303 19884 1240338850
59303 117700 1244591660
59303 21966 1243872549
59303 19929 1244071568
59303 59303 1237662421
59303 59303 1239422345
59303 59303 1240189803
94121 94121 1240922725
94121 94121 1244012259
94121 94121 1244107877
94121 239663 1242042068
75700 98094 1244523297
87988 97405 1240984898
79797 125857 1248394514
79797 125857 1248409328
79797 79797 1247542699
20406 110976 1248969355
20406 20406 1241721850
44984 44984 1232560101
36805 36805 1239271371
36805 337 1239063693
94162 94162 1240967213
12252 12252 1231240561
12252 12252 1233113725
12252 12252 1235184783
12252 12252 1238117759
12252 12252 1238117850
12252 12252 1240370425
12252 12252 1248310399
12252 32484 1225844816
12252 2663 1230593616
120800 120800 1246106126
108512 337 1247552080
108512 108512 1246442239
108512 108512 1247468464
108512 108512 1247984334
4068 6992 1222066472
4068 136224 1249074069
4068 20625 1222151136
4068 1736 1222675361
4068 4068 1231299752
4068 2535 1221885471
18406 18406 1222603438
18406 18406 1230349904
18406 18406 1230702337
18406 18406 1234248418
12267 2128 1226757264
12267 12267 1234221084
12267 35634 1248906636
38892 26404 1227743238
38892 38892 1227125067
38892 38892 1228781703
38892 38892 1240853229
38892 38892 1242064157
38892 64878 1234638684
79853 14606 1237461223
24560 24560 1225670875
24560 14065 1223393954
20467 20467 1226342246
24565 24565 1248908372
14326 14326 1226641892
77814 21966 1237026734
77814 93468 1246435873
77814 77814 1240024755
77814 77814 1244765714
