16387 16387 1222559948
16387 16387 1222564842
16387 16387 1224287141
159752 159752 1250767959
117092 117092 1247164952
117092 117092 1248110290
117092 117092 1251825527
117092 117092 1251925593
117092 117092 1251925979
117092 8206 1248980215
27483 27483 1242187254
27483 27483 1246328684
27483 27483 1246329695
27483 27483 1247626271
27483 27483 1250121049
27483 35693 1246305570
104460 104460 1244174108
112654 91607 1249572588
14357 2128 1242403677
14357 14357 1241935975
14357 14357 1241937648
14357 14357 1241985898
14357 14357 1241986374
14357 14357 1243369262
14357 14357 1249545164
14357 14357 1249545197
29 21828 1224022530
29 51816 1239775988
29 1284 1226978323
29 61020 1233447634
29 29 1222423900
29 29 1223514382
29 29 1229571051
29 29 1229571120
29 29 1233696349
29 29 1234068183
29 29 1240275287
29 29 1240276743
29 29 1241651426
29 29 1241748588
29 29 1241752143
29 29 1243552249
29 29 1245126249
29 29 1245284580
29 29 1247700195
29 29 1247875452
29 29 1247984839
29 29 1248387931
29 29 1222424173
29 29 1228514016
29 64878 1244869887
30 47633 1233971845
30 30 1236292185
94239 108512 1245397254
94239 94239 1243430925
94239 94239 1243695915
94239 94239 1248872336
94239 94239 1248876230
94239 94239 1249371885
4137 2170954 1242438495
49194 56753 1240348609
49194 49194 1251812929
49194 42620 1231468736
4140 4140 1222394756
4140 4140 1222842390
4140 4140 1224546224
4140 4140 1224725121
4140 4140 1226155484
4140 4140 1230742815
4140 4140 1233034108
4140 4140 1233034317
239663 239663 1223953289
239663 239663 1236245156
239663 239663 1236463818
239663 239663 1241129507
239663 86247 1249457320
65584 65584 1234843391
65584 65584 1235136491
65584 65584 1235136531
18484 61250 1251263800
18484 76859 1241342904
18484 18484 1251278471
18484 129366 1248759306
18484 91607 1245575709
10293 10293 1251775854
10293 10293 1251778733
10293 10293 1251791928
10293 116870 1250570474
16440 16440 1223998693
16440 16440 1224790063
16440 16440 1224790101
16440 16440 1237738750
16440 16440 1241653879
16440 16440 1246470091
137273 75472 1249055246
137273 116483 1248457931
106554 106554 1242266763
6210 29649 1233128402
6210 6210 1231145664
6210 6210 1231293143
6210 6210 1236212768
6210 127084 1245718910
6210 146478 1249626978
6210 59015 1240281674
118854 162171 1251158735
118854 57428 1245956435
118854 57428 1250892846
118854 118854 1245861267
118854 118854 1250718363
118854 118854 1251508301
6216 6216 1221526282
6216 48067 1239344814
6216 50899 1239952674
20553 2128 1242404368
20553 20553 1245954393
20553 41940 1228170092
20553 9222 1233688710
2170954 2170954 1240439351
2170954 2170954 1240442008
2170954 2170954 1242971145
2170954 2170954 1243560428
2170954 2170954 1244033856
2170954 2170954 1244036063
2123 8482 1244834386
59468 59468 1240225890
59468 59468 1240918414
59468 59468 1241509622
26702 3208 1238803619
26702 19530 1239045294
26702 11827 1250615637
26702 11827 1250634549
26702 16204 1249610896
26702 151438 1251959999
2128 2128 1234697934
2128 2128 1234765030
2128 2128 1239280947
2128 2128 1241405552
2128 2128 1248264829
2128 2128 1248318230
18515 18265 1239764158
18515 18515 1236333304
57428 6992 1247152425
57428 33411 1247663298
57428 33411 1247742601
57428 57428 1237389998
57428 57428 1238200696
57428 57428 1238201067
57428 57428 1238201122
57428 57428 1240327830
57428 57428 1241713859
57428 57428 1242156757
57428 57428 1242323686
57428 57428 1244493861
57428 57428 1247854315
57428 57428 1250017619
57428 57428 1250270542
57428 57428 1251388598
57428 57428 1251481878
57428 57428 1252097511
57428 57428 1250863120
57428 21966 1245769557
57428 755 1245172568
57428 26404 1237997500
57428 3966 1245325801
8206 42019 1233002132
8206 8206 1223078915
8206 8206 1229708203
8206 8206 1234317609
8206 8206 1234319013
8206 35335 1234494904
49241 338 1250467045
49241 57997 1241330176
49241 3610 1234591637
49241 13502 1234424798
49241 13502 1234425087
92 36131 1228895702
4194 4194 1247670873
6244 29178 1237926681
6244 6244 1229923346
14440 2424 1225257128
14440 14440 1224808108
14440 14440 1232763656
14440 14440 1235609110
14440 14440 1235636122
14440 14440 1236248681
14440 14440 1236310002
14440 14440 1238024001
14440 5578 1233793918
14440 32484 1235626718
8297 8776 1222810383
8297 745 1221960801
2663 13502 1231628909
2663 2663 1225880868
2663 2663 1227186561
2663 2663 1227227388
2663 2663 1231235662
2663 2663 1251812265
2663 2663 1251812385
127084 127084 1245719437
127084 127084 1245794273
127084 127084 1245795713
109 109 1222494363
109 109 1222504283
109 109 1227066507
109 109 1227593814
109 109 1227597333
109 109 1227597439
109 109 1227597647
109 109 1227597913
109 109 1243741795
51310 51310 1243021846
51310 51310 1247905307
51310 51310 1247906368
51310 51310 1248348778
51310 51310 1249220627
51310 51310 1251700432
51310 51310 1251703454
51310 51310 1251704279
51310 51310 1251704393
51310 51310 1251704790
55408 55408 1242386466
55408 55408 1242411490
55408 55408 1245861743
55408 55408 1247270530
55408 55408 1249578083
143473 94121 1250062885
143473 54964 1249090543
143473 139909 1248964474
57458 57458 1243728226
115 2128 1237729308
115 44984 1232822881
115 115 1220998305
115 115 1220999352
115 115 1221003060
115 115 1223061762
115 115 1223382336
115 115 1223407828
115 115 1227213308
115 115 1227213735
115 115 1228225756
115 115 1229388097
115 115 1229949151
115 115 1229990255
115 115 1231806231
115 115 1231930842
115 115 1231930968
115 115 1232136382
115 115 1233082082
115 115 1233612798
115 115 1234219286
115 115 1234220445
115 115 1234464098
115 115 1234467032
115 115 1235823188
115 115 1236279371
115 115 1237640082
115 115 1237997650
115 115 1238035760
115 115 1239034228
115 115 1241605103
115 115 1244747261
115 115 1244748993
115 115 1244750290
115 115 1245052430
115 115 1245053526
115 115 1245770424
115 54964 1233215350
115 337 1221623281
115 3208 1221516859
115 356 1220100549
115 89818 1245912729
115 22076 1246475953
115 22076 1246485232
115 11105 1221716914
116 72443 1240204294
116 116 1232360556
116 116 1232729311
116 116 1232729365
116 116 1246454233
116 116 1246455956
116 116 1247182939
116 116 1250959718
71797 71797 1235875668
30838 136224 1247775431
30838 30838 1246323951
30838 30838 1247181155
30838 30838 1251335291
4215 4215 1226616333
4215 4215 1227657948
4215 4215 1231953750
4215 4215 1236393135
4215 4215 1220673256
121 152349 1251169696
69755 745 1240738574
69755 69755 1242914306
69755 69755 1242937605
69755 69755 1243048073
69755 69755 1243049907
69755 69755 1243249112
69755 69755 1243545706
69755 69755 1243732514
69755 54964 1239920281
69755 54964 1241174340
34942 14440 1236392126
34942 34942 1226834861
34942 34942 1228393544
34942 34942 1228394100
34942 34942 1228395757
34942 34942 1228395787
34942 34942 1233628729
34942 34942 1237412562
34942 34942 1241750878
34942 34942 1242134855
34942 34942 1243909205
34942 34942 1243909988
34942 34942 1246700741
34942 34942 1246700830
34942 34942 1248407322
34942 34942 1248991553
34942 34942 1248991977
34942 34942 1249011976
34942 34942 1249094107
34942 34942 1249094173
28804 54964 1239582055
28804 54964 1239582465
28804 28804 1227148961
28804 28804 1227149182
28804 28804 1227149921
28804 28804 1227155633
28804 28804 1227165546
28804 28804 1231993856
28804 28804 1232097707
28804 28804 1234338271
28804 28804 1245886584
28804 134597 1250128816
364 5017 1236173219
364 364 1221723695
364 364 1235823587
364 364 1235843795
364 364 1235910067
364 364 1236558274
364 364 1241172179
364 364 1243861555
364 364 1251986012
364 364 1243860222
53390 22093 1237579864
53390 53390 1246789371
94351 356 1240626775
20625 1862 1222508504
146 146 1229732175
146 146 1241564216
146 146 1241564282
146 146 1241564937
146 146 1241565425
146 146 1241573203
146 146 1250292193
146 146 1251338967
146 146 1252104866
2197 115 1234220782
2197 2197 1229691236
2197 2197 1237605991
2197 2197 1237606050
2197 2197 1239749529
39062 23691 1240494211
39062 62667 1236104418
39062 39062 1227905621
39062 39062 1237306496
4249 7867 1237256379
4249 7867 1237256710
4249 48067 1236173161
4249 32484 1229577731
4249 130278 1220644098
4249 6095 1239754397
4249 59015 1242762027
4249 35657 1235532112
4249 16135 1240005887
4249 24396 1236764426
4249 781 1224817732
4249 51310 1245836666
4249 52589 1242469668
4249 20654 1224204050
4249 3095 1247222483
4249 4249 1227679327
4249 4249 1235096052
4249 4249 1235531781
4249 83119 1244161075
4249 93468 1240308195
4249 1599 1236857502
59546 59546 1233123478
59546 59546 1233123533
59546 59546 1233189132
10396 21849 1242421339
10396 49018 1250555445
10396 10396 1231423638
6309 8976 1250959732
6309 8976 1250986768
6309 15441 1245698589
6309 94162 1246579698
6309 4003 1232143671
6309 34642 1228932751
6309 24824 1226855224
6309 21406 1235889935
6309 18853 1234796311
6309 47649 1235204118
6309 42019 1234270589
6309 94756 1240571584
6309 20261 1244083401
6309 71953 1236407030
6309 71953 1237173443
6309 92 1230094132
6309 6309 1223465811
6309 6309 1225820563
6309 6309 1227039197
6309 72749 1236180265
6309 150254 1252217650
6309 125969 1245993146
6309 54964 1243566925
6309 54964 1243595336
6309 54964 1246397688
6309 54964 1246399168
6309 54964 1246405896
6309 54964 1247627391
6309 54964 1247630146
6309 54964 1248140754
6309 61624 1237337721
6309 41661 1242978197
6309 894 1226904888
74439 59768 1246797283
74439 59768 1246913290
74439 146 1250382076
74439 141189 1250722465
74439 74439 1249975641
74439 74439 1249981049
74439 74439 1250550883
74439 74439 1251868370
1288364 1288364 1244589381
1288364 1288364 1247711480
1288364 1288364 1248823660
1288364 117700 1244592267
20654 127681 1245989288
20654 127681 1245996134
20654 51649 1232520710
20654 51649 1232521585
20654 20133 1230098530
20654 20133 1230099705
20654 38663 1231410200
20654 38663 1231410531
20654 51816 1234422931
20654 25450 1233027023
20654 2635 1232631691
20654 2635 1232632929
20654 2635 1232695318
20654 781 1224025607
20654 20654 1222424918
20654 20654 1222427578
20654 20654 1227925984
20654 20654 1228187858
20654 20654 1228303441
20654 20654 1228441783
20654 20654 1231298096
20654 20654 1231298972
20654 20654 1236658710
20654 20654 1236659128
20654 20654 1239070019
20654 20654 1242868801
20654 20654 1246324167
20654 20654 1246598161
20654 20654 1246598554
20654 20654 1246602332
20654 20654 1247281969
20654 20654 1247283187
20654 20654 1248137912
20654 20654 1248327548
20654 20654 1249003810
20654 20654 1250214121
20654 20654 1250321703
20654 20654 1250908217
20654 20654 1250908376
20654 20654 1251192863
20654 20654 1251264372
20654 20654 1251340772
20654 20654 1251344909
20654 20654 1251344941
20654 20654 1251869468
20654 70160 1235803715
20654 15816 1247010960
20654 338 1224128084
20654 4627 1240450450
20654 70198 1243902550
20654 50264 1230703591
20654 81520 1242951512
20654 18853 1242809946
73903 73903 1245206512
73903 73903 1245206959
10420 26931 1244178091
10420 10420 1228978605
10420 10420 1229421653
10420 10420 1231331711
10420 10420 1235197940
10420 10420 1240928625
10420 10420 1242778069
10420 10420 1243918460
143543 54964 1251160259
143543 54964 1251160294
61624 61624 1244991895
61624 61624 1245072961
6330 63742 1246441430
6330 83853 1241959048
6330 128422 1246406209
98493 48067 1251325823
2238 20654 1227926144
2238 2238 1233925956
2238 2238 1236782424
2238 2238 1239833950
6335 20788 1227076795
6335 6335 1223030849
6335 6335 1223625700
6335 6335 1224581670
6335 6335 1226928833
6335 6335 1228772101
6335 6335 1228772160
6335 6335 1228772198
6335 6335 1228998328
6335 6335 1228999769
6335 6335 1236323319
6335 6335 1236323512
6335 6335 1244124274
6335 6335 1244124303
6335 6335 1245245981
6335 6335 1250058704
6335 1588 1228142361
6335 1588 1228143370
6335 52879 1248806378
86218 86218 1240439847
86218 86218 1245775788
14540 14540 1229382502
14540 14540 1233029818
14540 14540 1224529469
14540 14540 1224529803
59768 59768 1239733318
2260 2260 1221140107
2260 2260 1231535996
2260 2260 1232665133
2260 2260 1236032403
2260 2260 1236032879
6358 7714 1239746935
8570 118495 1245681880
71904 71904 1235786970
71904 71904 1235787813
71904 71904 1241815858
71904 71904 1246680749
71904 71904 1247178095
71904 71904 1247179852
71904 71904 1248312932
71904 71904 1248312995
71904 71904 1251085480
71904 71904 1251351842
71904 139532 1247781921
71904 139532 1247782131
71904 139532 1247782261
22224 22224 1245643311
22224 68452 1244240452
39138 24560 1227256403
39138 39138 1229422051
39138 39138 1247296547
39138 13029 1227347373
39138 13029 1227355723
51428 319274 1236465444
51428 51428 1246893922
51428 18858 1244500255
20860 58544 1233117935
20860 1748769 1250476236
20860 48067 1250923285
20860 48067 1250926924
20860 2993381 1231998440
20860 2993381 1231998481
20860 18406 1223188906
20860 1144 1230524641
20860 20860 1231483590
20860 20860 1231490197
20860 72443 1240199559
20860 129196 1251184492
20860 20654 1239070353
53487 89752 1242079706
53487 89752 1242251153
53487 89752 1248127597
53487 89818 1243379123
53487 53487 1240283051
86259 86259 1242091843
86259 86259 1245275489
86259 86259 1247280616
86259 86259 1250048968
86259 86259 1250050120
86259 86259 1250054477
86259 86259 1250218498
86259 86259 1251429494
86259 86259 1251769307
86259 110068 1244175462
24824 24824 1245612344
137467 110976 1248969863
137467 137467 1250531092
137467 116 1250948458
137467 5798 1250191557
137467 134779 1249493719
137467 115853 1250601959
10492 93416 1243483729
10492 54964 1237951975
10492 54964 1237952194
10492 20774 1236653646
10492 51816 1236919947
10492 117700 1251428824
10492 125194 1245371840
10492 1436 1224817632
63742 63742 1246422232
384 384 1221944650
384 384 1223557405
384 384 1232817657
384 29 1223247353
76035 76035 1237396694
76035 76035 1237406073
76035 10693 1237333240
106762 106762 1244791159
106762 106762 1244793002
106762 106762 1244820576
106762 106762 1250843640
106762 68452 1245743233
727 727 1235086722
727 727 1243466281
139532 139532 1247782108
139532 139532 1247782193
139532 139532 1247782326
14606 475 1251966117
14606 117700 1250557058
14606 117700 1250557224
14606 117700 1250557341
14606 117700 1250557554
14606 117700 1250557611
14606 117700 1250733209
14606 18217 1225044463
14606 141770 1251490335
14606 2635 1250408692
14606 14606 1222764483
14606 14606 1224667055
14606 14606 1225272807
14606 14606 1225272850
14606 14606 1226810594
14606 14606 1226811162
14606 14606 1226832314
14606 14606 1228024006
14606 14606 1228024210
14606 14606 1228111431
14606 14606 1244798857
14606 14606 1244798906
14606 14606 1247608000
14606 14606 1247613617
14606 14606 1247623907
14606 14606 1247993736
14606 14606 1247995752
14606 14606 1248126073
14606 14606 1248126687
14606 14606 1248131669
14606 24565 1224636436
14606 30838 1247180891
14606 4215 1226615898
14606 32484 1229139234
14606 57883 1247180547
14606 3966 1250587300
14606 29823 1247429120
71953 71953 1243922116
71953 71953 1243922916
71953 71953 1243923829
71953 71953 1243925740
96531 96531 1245177159
96531 96531 1245781193
96531 96531 1247037702
96531 96531 1251249714
70702 70702 1236598060
70702 70702 1242202687
70702 70702 1242378013
70702 70702 1245073703
70702 70702 1245075685
70702 70702 1247843845
70702 70702 1249041230
70702 70702 1251713837
143642 7162 1251304492
143642 143642 1251738732
8482 8482 1236310009
8482 8482 1237499005
8482 8482 1244505031
8482 8482 1244566258
8482 8482 1244840374
8482 8482 1246902634
8482 8482 1246905717
8482 8482 1246921353
12579 12579 1224115255
12579 12579 1224539553
12579 12579 1226381723
12579 21918 1233716588
12579 43687 1231463068
168228 168228 1250115363
20774 33411 1226636021
20774 54964 1237244614
20774 20774 1226638816
20774 20774 1228520133
20774 20774 1232022959
20774 20774 1232108137
20774 20774 1232150892
20774 20774 1233113010
20774 20774 1233964347
20774 20774 1234302470
20774 20774 1234304109
20774 20774 1234304820
20774 20774 1234304868
20774 20774 1236631076
20774 20774 1236631289
20774 20774 1236651684
20774 20774 1236652707
20774 20774 1236653803
20774 20774 1236655357
20774 20774 1236658638
20774 20774 1236737163
20774 20774 1236738243
20774 20774 1238713256
20774 20774 1241056030
20774 20774 1241078652
20774 20774 1241134029
20774 20774 1241440347
20774 20774 1241821743
20774 20774 1241822406
20774 20774 1241823964
20774 20774 1241833406
20774 20774 1242859691
20774 20774 1242860015
20774 20774 1243895334
20774 20774 1244162145
20774 20774 1244499554
20774 20774 1244596589
20774 20774 1244858920
20774 20774 1244860114
20774 20774 1245099728
20774 20774 1247281247
20774 20774 1247302490
20774 20774 1247445237
20774 20774 1247522256
20774 20774 1247532871
20774 20774 1248754123
20774 20774 1249074506
20774 20774 1249078810
20774 20774 1250122389
20774 20774 1250288055
20774 20774 1250650518
20774 33863 1236650230
20774 24396 1242442700
20774 24396 1249698092
20774 29 1247688278
20774 41662 1237243006
6443 108512 1247236581
98607 129585 1247777431
98607 129585 1247779930
102704 19929 1241933557
26931 1748769 1243915171
26931 26931 1234240344
26931 26931 1244079238
26931 26931 1244259199
26931 26931 1244779142
33080 33080 1235058464
33080 33080 1242162323
33080 33080 1245915775
33080 33080 1245918606
33080 33080 1246943136
33080 33080 1247449680
33080 33080 1250812957
33080 33080 1251174181
33080 33080 1251330744
33080 33080 1251839853
29407 115 1241844666
29407 167874 1252011819
29407 24867 1231822188
29407 91607 1248884712
29407 6461 1231351932
29407 6461 1231352902
29407 29407 1245273381
12605 53960 1237584463
12605 76969 1247623315
45109 45109 1232070302
45109 45109 1233207963
45109 1862 1229651709
2368 2368 1240586787
2368 2368 1240586960
2368 2368 1250301422
2368 2368 1250653312
2368 2368 1230778949
2368 33152 1250918018
2368 97118 1246897860
16709 139985 1249816040
69959 47633 1242449773
6694 106245 1244148027
6694 106245 1244152666
6694 3966 1227509534
49485 23666 1232712191
49485 54964 1233551501
49485 13055 1232636220
131407 57883 1247710763
31056 31056 1243218452
14392 45704 1235010377
14392 14392 1238480488
338 75472 1245848982
338 338 1222218725
338 338 1225150199
338 338 1237955050
338 338 1240282515
338 338 1247624213
338 338 1250476505
55637 57997 1235803639
55637 98094 1242190225
55637 97405 1245301101
129366 129366 1246042756
129366 129366 1246066341
129366 129366 1246635052
129366 129366 1248491578
129366 129366 1248493378
39263 15441 1227909668
39263 46915 1229632679
61793 61793 1237541295
61793 61793 1239355713
61793 61793 1243449032
61793 61793 1243449611
52283 52283 1236988434
356 356 1226035938
356 356 1227016585
356 356 1236920495
59753 6848 1234821631
59753 59753 1236744026
59753 59753 1240969955
59753 59753 1242414294
59753 59753 1243042194
59753 59753 1243044916
59753 6013 1242692170
6508 978 1223664151
6508 6508 1221780029
39278 77705 1245079601
39278 39278 1243360817
39278 39278 1244644761
39278 39278 1245098245
39278 39278 1246898866
39278 39278 1246899798
39278 39278 1246903781
4465 4465 1237953254
4465 4465 1238071491
4465 4465 1238071605
4465 4465 1243040083
2424 2424 1223858327
2424 2424 1225257558
2424 2424 1228132852
2424 2424 1248477961
2424 2424 1249532182
2424 53794 1248416289
2424 35634 1232857307
2424 111482 1246315599
2424 2535 1223594418
88442 88442 1252151320
88442 54964 1246739751
88442 126781 1246619738
2533756 2533756 1243775961
2533756 2533756 1243810253
2533756 2533756 1248310223
33152 33152 1237000905
33152 33152 1239426568
33152 33152 1242277914
33152 33152 1242280533
6533 6533 1243616705
14728 23528 1244022942
14728 12881 1224623631
14728 14728 1221863754
14728 14728 1222374921
14728 14728 1232423884
14728 32790 1225411269
14728 11249 1233878565
396 312842 1249012643
396 396 1231281200
396 396 1248989225
55693 55693 1242225528
55693 55693 1242275415
55693 55693 1242988375
459159 459159 1233308449
459159 459159 1233308568
459159 459159 1233308803
10659 117700 1249624246
18853 18853 1228808318
18853 18853 1231897932
18853 18853 1233019099
18853 18853 1233022649
18853 18853 1233030514
18853 18853 1233031442
18853 18853 1233031513
18853 18853 1233037961
18853 18853 1233407426
18853 18853 1233407667
18853 18853 1233407778
18853 18853 1234799368
18853 18853 1234800834
18853 18853 1235451208
18853 18853 1235451426
18853 18853 1235458317
18853 18853 1240453347
18853 18853 1240453483
18853 18853 1242862787
18853 18853 1243483506
18853 18853 1243593313
18853 18853 1244084921
18853 18853 1247615086
18853 18853 1247616153
18853 18853 1248317919
18853 18853 1248389614
18853 18853 1228283589
18853 54197 1236755026
8945 8945 1228272817
8945 8945 1241060406
8945 8945 1241060630
8945 36243 1231898229
425 425 1232412678
425 425 1233010787
425 425 1236401974
425 72606 1236152010
18858 18858 1233942720
18858 18858 1237241417
55724 14065 1241223521
55724 55724 1250750438
755 755 1240959900
755 755 1245172716
755 755 1245954954
755 755 1248795494
755 755 1233865634
121275 2128 1248318162
2493 117700 1251306847
2493 2493 1250845004
2493 59198 1250250485
35264 6013 1235181843
35264 6013 1235182103
35264 6013 1235182391
35264 6013 1235266519
51649 51649 1231194794
51649 51649 1231269966
51649 51649 1231270844
51649 51649 1232521884
51649 51649 1232689688
51649 51649 1232689871
51649 51649 1232691209
51649 51649 1233817860
51649 51649 1234319035
51649 51649 1234323066
51649 51649 1234406100
51649 51649 1234411762
51649 51649 1234506102
51649 51649 1234907239
51649 51649 1234907888
51649 51649 1235673491
51649 51649 1235718323
51649 51649 1235718894
51649 51649 1236213795
51649 51649 1236225692
51649 51649 1237528375
51649 51649 1237662847
51649 51649 1237663397
51649 51649 1237663433
51649 51649 1241415098
51649 51649 1241827921
51649 51649 1244437658
51649 51649 1244503873
51649 51649 1244662161
51649 51649 1245259996
51649 51649 1245271065
51649 51649 1246428565
51649 51649 1246598662
51649 51649 1246684642
51649 51649 1246752782
51649 51649 1246753235
51649 51649 1246930586
51649 51649 1247017626
51649 51649 1247118717
51649 51649 1247192926
51649 51649 1247606043
51649 51649 1247701563
51649 51649 1248241259
51649 51649 1248378638
51649 51649 1248378871
51649 51649 1248379207
51649 51649 1249094136
51649 51649 1249094475
51649 51649 1249168988
51649 51649 1249529561
51649 51649 1250721728
8643 8643 1222990669
8643 8643 1227238976
8643 8643 1227240451
10693 10693 1237333655
10693 10693 1250899466
10693 10693 1252025586
10693 10693 1252098069
33225 33080 1242161798
109002 109002 1244660193
41420 41420 1240517579
41420 41420 1248729241
41420 19421 1236630261
41420 25782 1235605084
41420 141189 1248806527
20946 20946 1222308679
20946 20946 1222789065
20946 20946 1222790137
20946 20946 1224638867
20946 20946 1224657185
20946 20946 1239048109
20946 20946 1240509058
20946 20946 1245202812
20946 20946 1250873830
20946 20946 1251216993
20946 54197 1239661468
24293 24293 1226647334
475 475 1221241773
111068 111068 1245355102
111068 111068 1247112831
111068 111068 1247152989
72443 72443 1238921237
72443 72443 1240199288
72443 72443 1240205533
72443 72443 1241922409
72443 72443 1244422637
72443 72443 1246477161
72443 72443 1246779367
72443 72443 1246779915
72443 72443 1246812035
72443 72443 1247161169
72443 72443 1250306341
72443 72443 1250739735
72443 72443 1251322858
72443 72443 1251324772
72443 72443 1251330343
2535 2535 1222920693
2535 2535 1222979470
2535 2535 1225236002
2535 2535 1228466577
2535 2535 1249007288
39413 192337 1238204324
3497 3497 1225408568
3497 3497 1225463538
3497 3497 1229373125
3497 3497 1233782020
3497 3497 1239401323
3497 3497 1239728890
3497 3497 1240081841
3497 3497 1242326250
3497 3497 1242330921
3497 3497 1248445314
29178 29178 1234520548
29178 29178 1235229925
29178 29178 1240369953
29178 29178 1243559887
29178 29178 1243736924
157781 54964 1250836518
64004 48067 1247618376
64004 8206 1235051967
35335 35335 1228464350
35335 35335 1234502703
12716 71904 1247014977
12716 51649 1247534423
12716 17635 1236128537
12716 60147 1238630402
12716 24396 1236738723
12716 14606 1248124586
94732 54964 1251678421
16911 30043 1224640568
16911 30043 1224640686
16911 16911 1248935202
16911 16911 1248942014
70160 70160 1235802169
70160 70160 1235802363
70160 70160 1235802767
70160 70160 1235803924
70160 70160 1236766931
70160 70160 1236835225
70160 70160 1236835601
70160 70160 1236837146
47633 47633 1241986044
47633 47633 1244343819
47633 47633 1245310946
47633 47633 1245922005
47633 47633 1248255883
8722 8722 1244808051
8722 26931 1244078697
4627 4627 1240452050
18965 18965 1235688222
18965 18965 1235704902
18965 18965 1248395167
18965 18965 1248395726
22617 13055 1224262193
57883 57883 1242768587
57883 57883 1243020989
57883 57883 1243124600
57883 57883 1243385534
57883 57883 1244240747
57883 57883 1244848119
57883 57883 1244848291
57883 57883 1245798972
57883 57883 1246331201
57883 57883 1246655322
57883 57883 1247687832
57883 57883 1247885556
57883 57883 1249501992
57883 57883 1249975261
57883 57883 1250016801
57883 57883 1250458319
57883 1862 1245535169
125470 134597 1250517721
125470 125470 1247236285
125470 125470 1247255342
125470 125470 1247471518
125470 125470 1247506982
125470 125470 1249278975
125470 125470 1251186851
125470 125470 1251269627
47649 47649 1235203122
47649 47649 1236176237
47649 47649 1244460444
53794 53794 1239460968
53794 53794 1240031533
53794 53794 1241872603
53794 53794 1241872650
53794 53794 1248417725
53794 21981 1238998606
53794 85271 1240384100
100902 13442 1246596930
100902 13442 1246643543
100902 1606 1246907901
100902 1606 1246908411
100902 100902 1242264903
100902 100902 1248823842
551 64878 1239364571
154152 33080 1251138897
154152 55948 1251029555
154152 70942 1250502418
154152 130015 1250601351
154152 130015 1250603496
8745 49018 1250545294
8745 4140 1232601540
8745 44685 1231987887
8745 118854 1246076662
8745 50525 1245306317
113195 110976 1246842367
113195 54964 1246765172
113195 113195 1245881514
113195 113195 1246295136
113195 113195 1246295238
113195 113195 1246392393
113195 113195 1247234343
113195 93468 1247109161
113195 93468 1249089231
6703 22076 1241492222
129585 129585 1247264420
129585 129585 1247778220
129585 129585 1249012259
129585 129585 1249952814
45620 45620 1229098035
45620 45620 1231890362
45620 45620 1240879387
64053 64053 1252158303
64053 21406 1249742422
70198 70198 1236451886
70198 70198 1238148396
70198 70198 1239305081
70198 70198 1250891127
70198 70198 1250895822
70198 70198 1250897015
88631 89771 1241596138
88631 88631 1242296265
88631 88631 1246496013
8761 8761 1221791599
8761 8761 1222993155
8761 8761 1225922103
8761 8761 1233820342
84538 33152 1250918499
84538 120800 1251128784
84538 84538 1248969243
38325 38325 1227154332
38325 38325 1227235230
38325 38325 1227235274
38325 38325 1227237719
38325 38325 1227523432
38325 38325 1227523512
18091 18091 1227193271
18091 18091 1247468719
18091 18091 1249985622
37450 37450 1244776622
37450 37450 1245998686
37450 37450 1249065601
37450 37450 1249065667
37450 111482 1246315148
2635 72443 1240199083
2635 28118 1233302931
2635 77814 1241345529
2635 459159 1233308584
2635 89818 1241574318
2635 89818 1241577276
2635 2635 1223172954
2635 2635 1226904582
2635 2635 1232090116
2635 2635 1232471230
2635 2635 1232631813
2635 2635 1232633283
2635 2635 1232633313
2635 2635 1232712198
2635 2635 1233808560
2635 2635 1234286965
2635 2635 1234799724
2635 2635 1235128267
2635 2635 1235465419
2635 2635 1235465863
2635 2635 1235492213
2635 2635 1237205490
2635 2635 1237206153
2635 2635 1237688668
2635 2635 1237688746
2635 2635 1238248401
2635 2635 1239067693
2635 2635 1241431610
2635 2635 1241432295
2635 2635 1242802538
2635 2635 1243953207
2635 2635 1245267380
2635 2635 1246429512
2635 2635 1233594072
2635 2635 1233594669
2635 38892 1231225820
2635 38892 1231226214
2635 64878 1234603139
2635 64878 1235313204
2635 2959 1229457955
781 8643 1223204081
781 4140 1222842231
781 781 1222213364
781 781 1222214263
781 781 1222410939
781 781 1222422362
781 781 1222422601
781 781 1222422660
781 781 1222422923
781 781 1222422980
781 781 1222921760
781 781 1235441368
781 781 1243988284
781 781 1244689581
781 108639 1244762661
84560 84560 1245360374
84560 126781 1245947375
12881 3137 1221642011
12881 3137 1221642531
12881 5578 1233803107
12881 12881 1224736727
107092 107092 1242335647
107092 107092 1246592490
119382 119382 1251248040
78377 755 1249284888
21095 309834 1235673890
21095 104015 1242556852
51816 51816 1231229383
51816 51816 1231298073
51816 51816 1231310912
51816 51816 1231381525
51816 51816 1231382116
51816 51816 1231388265
51816 51816 1233194026
51816 51816 1233279080
51816 51816 1233732610
51816 51816 1233888936
51816 51816 1233973476
51816 51816 1233976539
51816 51816 1233983041
51816 51816 1233998528
51816 51816 1234404394
51816 51816 1234409721
51816 51816 1234411084
51816 51816 1234414299
51816 51816 1234421958
51816 51816 1234423068
51816 51816 1235186659
51816 51816 1235187383
51816 51816 1235219569
51816 51816 1235369835
51816 51816 1235370018
51816 51816 1235441322
51816 51816 1235464394
51816 51816 1235800209
51816 51816 1235801018
51816 51816 1235801413
51816 51816 1236058708
51816 51816 1236231175
51816 51816 1236231338
51816 51816 1236727336
51816 51816 1237426622
51816 51816 1237530981
51816 51816 1237860223
51816 51816 1237866743
51816 51816 1238814388
51816 51816 1239168648
51816 51816 1239234343
51816 51816 1239234476
51816 51816 1239237694
51816 51816 1239242128
51816 51816 1239776101
51816 51816 1239776317
51816 51816 1239776687
51816 51816 1239777219
51816 51816 1240026165
51816 51816 1240383216
51816 51816 1240444005
51816 51816 1240455860
51816 51816 1240542800
51816 51816 1240618255
51816 51816 1240974220
51816 51816 1240978610
51816 51816 1240987096
51816 51816 1241246324
51816 51816 1241484324
51816 51816 1241505413
51816 51816 1241557318
51816 51816 1242344986
51816 51816 1242432588
51816 51816 1242705756
51816 51816 1242705799
51816 51816 1242707082
51816 51816 1243297892
51816 51816 1243383580
51816 51816 1243384503
51816 51816 1243384526
51816 51816 1243389010
51816 51816 1243468173
51816 51816 1243741188
51816 51816 1243742584
51816 51816 1244080641
51816 51816 1244163718
51816 51816 1244593812
51816 51816 1244616097
51816 51816 1244860190
51816 51816 1244860884
51816 51816 1244887180
51816 51816 1244945988
51816 51816 1244947014
51816 51816 1245066133
51816 51816 1245108525
51816 51816 1245109591
51816 51816 1245110354
51816 51816 1245714707
51816 51816 1245715649
51816 51816 1245716172
51816 51816 1245716272
51816 51816 1245717336
51816 51816 1245734299
51816 51816 1245794776
51816 51816 1246158480
51816 51816 1246158524
51816 51816 1246158723
51816 51816 1246159820
51816 51816 1246160401
51816 51816 1246245248
51816 51816 1246399575
51816 51816 1246409935
51816 51816 1246411891
51816 51816 1246412569
51816 51816 1246412602
51816 51816 1247181946
51816 51816 1247643083
51816 51816 1247674531
51816 51816 1248410509
51816 51816 1248410545
51816 51816 1248837506
51816 51816 1248936407
51816 51816 1249084446
51816 51816 1249088945
51816 51816 1249089693
51816 51816 1249094065
51816 51816 1249094628
51816 51816 1249095612
51816 51816 1249096558
51816 51816 1249097590
51816 51816 1249428059
51816 51816 1249447415
51816 51816 1249447493
51816 51816 1249447714
51816 51816 1249500972
51816 51816 1249828254
51816 51816 1249835839
51816 51816 1249838431
51816 51816 1249894816
51816 51816 1249972815
51816 51816 1249978309
51816 51816 1249978812
51816 51816 1250129921
51816 51816 1250578205
51816 51816 1250579569
51816 51816 1250661348
33213 33152 1242276015
33213 33152 1250918710
33213 33411 1229665144
33213 6508 1228444756
33213 37450 1248927526
33213 154766 1251951204
33213 9617 1242240255
33213 338 1240205221
33213 57428 1252108169
33213 14357 1243367115
33213 158742 1250653782
33213 755 1234062975
33213 131930 1248122460
33213 19884 1241118662
33213 19100 1229986256
33213 23837 1246421303
33213 61342 1237842807
33213 15852 1246006457
33213 39138 1247297857
33213 126691 1247861842
33213 126691 1247861877
33213 356 1240375017
33213 50853 1235511652
33213 50853 1235511693
33213 111335 1248957699
33213 39912 1227387818
33213 58668 1243999348
33213 58668 1244676111
33213 33213 1231034592
33213 33213 1249444941
33213 65584 1235135853
33213 86259 1248925745
33213 86259 1248925891
33213 44984 1232832590
33213 22076 1242263480
33213 22076 1247219063
33213 22076 1251061445
33213 126781 1246127912
33213 95573 1250819709
60020 60020 1245051678
61545 61545 1234478056
61545 61545 1235161699
61545 61545 1235085277
61545 50434 1235170382
2680 2680 1239687301
2680 2680 1240610204
33411 33411 1226658497
33411 33411 1227714402
33411 33411 1227763864
33411 33411 1227775513
33411 33411 1231306121
33411 33411 1234712873
33411 33411 1234803476
33411 33411 1235144261
33411 33411 1235144356
33411 33411 1235145044
33411 33411 1237600649
33411 33411 1237601409
33411 33411 1238941089
33411 33411 1238962477
33411 33411 1241386266
33411 33411 1241386331
33411 33411 1241454466
33411 33411 1244402828
33411 33411 1244420897
33411 33411 1244480908
33411 33411 1246558406
33411 33411 1246559001
33411 33411 1247682126
309834 309834 1232490876
309834 309834 1239808240
309834 309834 1240593234
309834 309834 1244213879
309834 309834 1245106505
309834 309834 1245168153
309834 309834 1245168366
309834 309834 1247246161
139909 139909 1248964664
139909 139909 1248966860
21126 152286 1249947538
21126 34397 1246792901
21126 21126 1246792608
10887 20774 1233112886
45704 45704 1233014980
45704 45704 1233016089
45704 45704 1235004137
45704 45704 1235061339
45704 45704 1237416134
45704 45704 1241553992
45704 45704 1241621055
45704 47649 1235152963
45704 54964 1236712889
39561 39561 1241454943
39561 39561 1242248792
39561 39561 1244144474
39561 39561 1244148568
55948 8945 1250332223
55948 55948 1249003881
57997 57997 1233725444
57997 57997 1234404595
57997 57997 1235121222
57997 57997 1235812744
57997 57997 1236894531
57997 57997 1236913745
57997 57997 1236913780
57997 57997 1237255045
57997 57997 1239087586
57997 57997 1241069647
57997 57997 1241231174
57997 57997 1241231451
57997 57997 1243470463
57997 57997 1243652712
57997 57997 1243656486
57997 57997 1248741705
57997 57997 1248760787
57997 57997 1248852704
12943 2635 1228456563
12943 36131 1228888348
12943 2959 1249748208
12943 93691 1243039036
12943 4857 1238716231
12943 4857 1238718441
12943 152633 1252109742
12943 52283 1236987971
12943 52283 1236988173
12943 52283 1236990375
12943 41662 1232762645
12943 12943 1235438883
110976 110976 1246508078
110976 110976 1246933203
110976 110976 1247861988
110976 110976 1247862163
110976 110976 1248041951
110976 110976 1248658330
110976 110976 1248969325
110976 110976 1250344265
110976 110976 1250345708
110976 110976 1250896453
110976 110976 1250896884
110976 110976 1250901342
9647 751 1222486564
121493 27483 1249441642
121493 121493 1249611309
139927 21406 1248337453
84634 51017 1246974296
84634 84634 1251158569
2715 2715 1240552931
2715 2715 1250039947
2715 2715 1250041266
2715 2715 1250118842
2715 2715 1251250459
19100 33411 1238940986
19100 19100 1250713029
19100 118854 1248114387
19100 118854 1248114437
107165 107165 1242342399
4771 23824 1230666516
4771 50899 1248982277
39590 39590 1233861481
39590 39590 1235493391
39590 39590 1236636438
39590 39590 1236799706
39590 39590 1241115737
39590 39590 1245941218
39590 39590 1251408961
39590 59198 1245964383
39590 2238 1236781338
43687 34942 1242101434
43687 43687 1231464729
43687 43687 1234175940
4778 4778 1242858764
4778 4778 1242860978
4778 4778 1242950480
111276 111276 1244254104
111276 104015 1244026616
2170994 2170994 1233720342
2170994 2170994 1233722937
2170994 2170994 1237267497
2170994 2170994 1237448373
2170994 2170994 1245284960
2170994 2170994 1245284996
2170994 2170994 1245285065
2170994 2170994 1251247715
2170994 56954 1241745861
152349 162154 1251210240
152349 152349 1251521552
152349 152349 1251891744
105148 54964 1243320245
41661 54964 1240221573
41661 76859 1241343842
41661 28804 1232097816
41661 6533 1243577347
41661 41661 1238996899
41661 41661 1243066883
41661 41661 1250672262
41661 41661 1251334582
41662 41662 1233905224
41662 41662 1236325178
41662 41662 1237430419
41662 41662 1241739528
41662 41662 1244768089
41662 41662 1245197935
127681 127681 1245798587
127681 127681 1245988292
127681 127681 1245988764
127681 127681 1245990031
127681 127681 1245991877
47222 10093 1232022752
47222 47222 1237352003
47222 47222 1239768241
47222 47222 1245793642
47222 47222 1245798105
47222 47222 1246965719
47222 47222 1246966209
47222 47222 1249545660
47222 47222 1250764850
47222 47222 1252010135
35527 35527 1226103255
35527 35527 1226104776
35527 35527 1251502231
35527 35527 1251502612
53960 53960 1237588630
53960 53960 1237588678
53960 53960 1238536192
53960 53960 1238537796
53960 53960 1238539164
53960 53960 1245830967
53960 53960 1246550788
53960 53960 1246551113
53960 53960 1250371058
33481 33481 1226232004
33481 33481 1226232136
33481 33481 1226232274
139985 139985 1250422600
139985 152578 1251097826
139985 2959 1248628686
139985 2959 1248629166
139985 2959 1248629411
13010 34942 1246700685
140750 151410 1250360641
140750 54964 1248333679
140750 54964 1248823310
140750 54964 1251041753
140750 140750 1249433484
140750 140750 1251842919
285399 285399 1236061229
152286 152286 1249939970
152286 152286 1249975398
152286 152286 1250104797
152286 152286 1252102883
111327 21981 1246956283
111327 111327 1244937255
111327 111327 1245713188
111327 111327 1246390575
111327 111327 1246676968
111327 111327 1246677687
111327 111327 1247005526
111327 111327 1247029808
111327 111327 1248842662
111327 111327 1249512797
111327 111327 1250038200
64226 64226 1237225747
64226 64226 1240957027
64226 64226 1240959563
64226 64226 1241202780
64226 64226 1242161091
64226 64226 1242422445
64226 64226 1244004643
64226 64226 1244406547
64226 64226 1244515601
64226 64226 1245256027
64226 64226 1245275867
64226 64226 1247522179
64226 64226 1249078728
64226 64226 1249079206
64226 64226 1249273035
64226 64226 1249274249
64226 64226 1250870701
64226 64226 1251388838
64226 64226 1251388880
20603 20603 1222278395
20603 20603 1251410004
111335 117700 1248508608
111335 38663 1247734752
111335 38663 1247735026
111335 38663 1247735080
111335 79496 1249440773
111335 111335 1247560888
111335 111335 1247583684
111335 111335 1248938933
111335 111335 1248946876
111335 57997 1248501445
111335 57997 1248505631
111335 57997 1248841173
111335 162607 1251434607
111335 6992 1247145066
111335 7122 1250823916
111335 2260 1252077553
111335 18965 1248323907
111335 73428 1250775116
111335 72443 1250305863
111335 21981 1250823766
111335 125470 1247227662
115432 118495 1246236430
745 108512 1252103419
745 51649 1244441729
745 115 1228057525
745 116 1232295483
745 4857 1236599105
745 51816 1240377261
745 51816 1240439063
745 745 1222003790
745 745 1226397578
745 745 1226684444
745 745 1228756665
745 745 1236970124
745 745 1240290125
745 745 1241514032
745 745 1241846978
745 745 1241851533
745 745 1242274894
745 745 1242770256
745 745 1248116392
745 745 1251080851
107245 107245 1252110481
150254 15441 1252017157
751 751 1222486719
751 751 1231363138
751 751 1240882788
751 751 1240882978
751 751 1240884021
751 751 1242699568
751 751 1242775834
751 751 1248826817
6897 6897 1223006836
6897 7021 1224274058
6897 2535 1222919978
6897 2535 1222920575
6897 2535 1222921001
6897 2535 1222921193
6897 2535 1222921246
6897 2535 1222921373
6897 2535 1222921476
6897 2535 1222921564
6897 2535 1223007728
50899 50899 1230943652
50899 50899 1240809227
50899 50899 1240849321
50899 50899 1240863295
50899 50899 1241660900
6903 6903 1229641740
6903 6903 1229643793
6903 6903 1229726740
4857 4857 1238716598
4857 4857 1238855816
4857 4857 1238975022
4857 4857 1245166176
4857 4857 1246346514
4857 4857 1246396597
4857 4857 1251895871
4857 18091 1223310939
4857 18091 1223311068
4857 36243 1246750354
4857 16135 1222389294
62202 62202 1241669319
62202 62202 1242361183
62202 62202 1242384952
62202 62202 1242385071
62202 62202 1247718298
62202 62202 1248323204
62202 62202 1248329492
62202 62202 1248329748
62202 62202 1249371408
62202 62202 1249384883
62202 10420 1240378407
117499 117499 1244645330
117499 117499 1245451909
117499 117499 1245717729
117499 117499 1246185906
117499 117499 1246330280
117499 117499 1246337150
117499 117499 1246337365
117499 117499 1246337806
117499 117499 1246659882
117499 117499 1246937689
117499 117700 1245107608
82686 81520 1238950232
82686 44984 1238872556
82686 15562 1238176345
82686 32037 1238716008
13055 13055 1227395590
13055 13055 1228317196
13055 13055 1229518516
13055 13055 1234623064
13055 13055 1237448036
13055 13055 1244157815
13055 13055 1250037259
13055 13055 1250141273
23300 23300 1233922321
23300 23300 1237806653
23300 23300 1242896486
23300 2942 1241088618
120800 120800 1246130359
120800 120800 1246131945
120800 120800 1246132617
120800 120800 1246392788
120800 120800 1252154589
47878 47878 1240774726
21255 6903 1229673991
21255 21255 1248838380
21255 21255 1248840649
92937 29 1241747893
14326 4857 1236331594
14326 14326 1237790636
92942 61342 1250373692
92942 126781 1245954438
92942 92942 1243775297
8976 8976 1226617385
8976 8976 1226618812
8976 8976 1240849569
8976 8976 1240854934
8976 8976 1250955908
8976 8976 1251126715
19224 19224 1226453180
19224 19224 1226454640
19224 19224 1234289292
19224 19224 1242364799
794 1284 1228173422
27439 44984 1230148152
27439 2725 1231225531
60188 10019 1239809752
60188 68452 1241815007
60188 2959 1235511016
92957 92957 1251843394
92957 92957 1252061881
113845 113845 1243557142
113845 113845 1243623603
113845 113845 1245102648
113845 113845 1245103504
113845 113845 1245103995
113845 113845 1246571912
113845 42782 1247859522
99107 99107 1244588603
99107 99107 1248398628
99107 99107 1248403188
39726 39726 1244663202
39726 39726 1247356909
162607 162607 1251437532
162607 162607 1251583118
35634 35634 1232772176
35634 35634 1248845605
35634 35634 1251503742
86837 86837 1242186341
86837 86837 1252014285
25398 104015 1243409127
129847 129847 1249531331
129847 129847 1249678447
831 831 1234506906
831 831 1234928400
831 831 1234957991
831 831 1236659106
831 831 1243146811
831 831 1250916021
23691 19929 1235192487
23691 19929 1235192558
23691 19929 1235192623
23691 46915 1231169357
23691 23691 1224863821
23691 23691 1226518519
23691 23691 1229740760
23691 23691 1230601150
23691 23691 1232510351
23691 23691 1232732992
23691 23691 1232810973
23691 23691 1232814007
23691 23691 1233387037
23691 23691 1233387133
23691 23691 1234652366
23691 23691 1235145455
23691 23691 1240494480
23691 23691 1240513118
23691 23691 1251899125
27461 4704 1227279722
27461 3966 1228207129
27461 115 1228225016
27461 115 1228260194
27461 27461 1247781827
27461 20654 1228208549
35657 35657 1235586324
43851 32484 1231574081
6992 6992 1221591928
6992 6992 1226615296
6992 6992 1245464259
6992 6992 1247146614
6992 6992 1248642018
6992 6992 1248828788
70482 70482 1246092192
70482 54964 1247098099
70482 123661 1245187259
70482 123661 1245187333
106979 106979 1246318298
106979 106979 1246319623
106979 106979 1246468835
106979 106979 1248476539
106979 106979 1249626779
106979 106979 1249659779
106979 106979 1249679812
106979 54964 1248889122
106979 152349 1251524371
23283 120800 1246129777
23283 120800 1246130852
23283 71904 1236136162
23283 36243 1237326399
23283 1588 1240836514
23283 1588 1240836763
23283 71797 1235774142
23283 107245 1242870983
23283 1245 1232675105
23283 34942 1248991086
23283 34942 1248991844
23283 38325 1227520324
131930 131930 1248127964
131930 131930 1248128132
131930 131930 1250203576
131930 131930 1249706829
150363 150363 1251307101
150363 150363 1251307818
150363 150363 1251389058
150363 72443 1251322613
150363 72443 1251324155
150363 72443 1251327142
150363 162607 1251434675
1748769 1748769 1240036554
1748769 1748769 1240194326
1748769 1748769 1240203070
1748769 1748769 1241168328
1748769 1748769 1241216468
1748769 1748769 1241350295
1748769 1748769 1243910469
1748769 1748769 1243969992
1748769 1748769 1245792928
125790 125790 1246048887
125790 125790 1246049168
11105 11105 1221718227
68452 68452 1239846836
68452 68452 1239846910
68452 68452 1241815704
68452 68452 1241838438
68452 68452 1242252391
68452 68452 1242252433
68452 68452 1244239688
68452 68452 1244517634
68452 68452 1244704108
68452 68452 1244777303
68452 68452 1245221191
68452 68452 1245670255
68452 68452 1245670300
68452 68452 1245670958
68452 68452 1245671038
68452 68452 1245738539
68452 68452 1245743309
68452 68452 1245753470
68452 68452 1245801576
68452 68452 1245819877
68452 68452 1245884308
68452 68452 1245908197
68452 68452 1245908248
68452 68452 1245909016
68452 68452 1245910017
68452 68452 1246173554
68452 68452 1247116977
11110 745 1226676423
11110 11110 1226689141
11110 11110 1226693881
11110 11110 1233035690
11110 11110 1234366591
11110 11110 1221571464
11110 11110 1222582759
84839 84839 1238533206
84839 84839 1245646257
25450 25450 1232472197
25450 25450 1232475734
25450 25450 1233018404
25450 25450 1233166356
25450 25450 1233175662
25450 25450 1239814834
35693 35693 1238011975
35693 35693 1246392260
35693 35693 1246394077
35693 35693 1246465833
35693 35693 1252088093
109426 109426 1242946514
109426 109426 1244857551
109426 109426 1244865346
109426 109426 1244865520
109426 109426 1245102093
109426 109426 1245363564
109426 109426 1245984755
109426 109426 1246506136
109426 109426 1246996188
109426 109426 1247611784
109426 109426 1247624228
109426 109426 1247624408
109426 109426 1247629654
109426 109426 1247631010
109426 109426 1247637366
109426 109426 1247687942
109426 109426 1247708824
109426 109426 1247776756
109426 109426 1247887123
109426 109426 1248982843
109426 109426 1249070491
109426 104460 1244167493
109426 104460 1244167799
109426 104460 1244254979
72563 72563 1245305702
72563 72563 1245307451
72563 72563 1249617847
72563 72563 1251412284
111482 111482 1244316939
111482 111482 1245781074
111482 111482 1246303958
111482 111482 1246315434
111482 111482 1246315901
111482 111482 1247428052
2942 109 1226014634
2942 2942 1223246243
37759 37759 1240260895
37759 37759 1240261311
37759 37759 1242767753
4997 19224 1222523341
4997 4997 1244819894
4997 14031 1226768444
905 905 1221851828
905 905 1224122195
905 905 1238879881
905 905 1242427443
905 905 1242434649
905 905 1243111811
905 905 1244051814
905 905 1244051895
905 905 1245769987
905 905 1245855350
905 905 1218831349
905 831 1218727045
905 42782 1230150454
905 46375 1251483763
66445 95663 1243724985
13198 91729 1246383958
13198 72563 1251411588
13198 51310 1243950175
13198 13198 1236174678
13198 13198 1242140074
13198 13198 1242915675
13198 13198 1243856792
13198 13198 1245140386
13198 13198 1245140504
13198 13198 1246615279
13198 13198 1251224062
13198 34409 1242765936
2959 20654 1249050236
2959 2959 1248628877
2959 2959 1248629340
2959 2959 1248629495
2959 2959 1249762937
2959 2959 1250533421
21398 1436 1224816876
70551 111833 1245732386
70551 70551 1247993761
70551 70551 1248482196
70551 70551 1248589665
70551 33863 1245287054
5017 20603 1223493263
72606 48067 1236751530
72606 72606 1236149976
72606 72606 1236235827
72606 72606 1241088907
125857 125857 1246469136
125857 125857 1246574004
160677 160677 1250973004
160677 160677 1252179268
13227 13227 1224050667
13227 13227 1225401918
13227 13227 1233852246
13227 13227 1236508380
13227 13227 1236508765
13227 13227 1236509159
13227 13227 1236509462
13227 13227 1236509550
13227 13227 1236509665
13227 13227 1239766115
13227 13227 1242781813
13227 13227 1246067382
13227 13227 1246421780
13227 13227 1247876251
95157 95157 1243224755
95157 95157 1245396046
99256 99256 1248890280
119738 119738 1249330246
119738 111482 1245779270
48067 48067 1234680797
48067 48067 1235458700
48067 48067 1235629111
48067 48067 1236072575
48067 48067 1236752841
48067 48067 1240111533
48067 48067 1242900155
48067 48067 1249375828
48067 48067 1249382535
48067 48067 1249718038
48067 48067 1250228719
48067 48067 1250924897
48067 48067 1251150626
117700 117700 1244535379
117700 117700 1244606129
117700 117700 1244607298
117700 117700 1244607328
117700 117700 1244806614
117700 117700 1244807094
117700 117700 1244848946
117700 117700 1245109013
117700 117700 1245109067
117700 117700 1245304259
117700 117700 1247003844
117700 117700 1248508658
117700 117700 1250300869
117700 117700 1250300900
117700 117700 1250555536
117700 117700 1250556971
117700 117700 1250557099
117700 117700 1250557431
117700 117700 1250557888
117700 117700 1250558005
117700 117700 1251180490
117700 117700 1251348199
117700 117700 1251449189
117700 117700 1251530388
117700 117700 1251676703
117700 117700 1251770834
117700 117700 1251771745
117700 117700 1251772119
117700 117700 1251775602
117700 117700 1251846028
117700 117700 1251945622
117700 117700 1252017832
117700 117700 1252021724
24396 33863 1242280174
24396 24396 1225086072
24396 24396 1230453744
24396 24396 1232771754
24396 24396 1232773445
24396 24396 1237246655
24396 74894 1245895643
24396 20654 1247288304
24396 20654 1249078152
24396 38663 1238026254
24396 38663 1238026944
7116 71904 1247184189
7116 39590 1247782454
7116 39975 1228100212
7116 126042 1251857746
7116 126042 1251862704
7116 13227 1222642446
7116 7116 1236910862
7116 7116 1242342461
7116 7021 1234910543
7116 7021 1234913655
7116 111327 1250903527
29649 29649 1233202840
29649 29649 1247540101
978 978 1223656937
19421 19421 1236922051
19421 19421 1236923162
19421 19421 1237209003
84118 84118 1250626575
84118 84118 1250628887
84118 84118 1250932500
84118 84118 1251222444
84118 84118 1251227511
84118 84118 1251307006
84118 119382 1251223387
130015 130015 1247657801
130015 130015 1249717958
130015 130015 1251685775
130015 130015 1251687106
130015 130015 1251689436
130015 130015 1251726390
130015 130015 1252145302
130015 130015 1252145369
130015 130015 1252146287
130015 130015 1250603107
7675 1127460 1236219582
31910 32484 1242444849
39912 39912 1231729174
39912 39912 1231878460
39912 39912 1231892041
39912 39912 1232138836
39912 39912 1235942051
39912 39912 1237857344
39912 39912 1241370106
41967 106762 1244796076
41967 48067 1249375444
41967 48067 1249378042
41967 60020 1245050674
41967 13227 1242787628
41967 13227 1250828176
7162 7162 1251304655
48127 120800 1246129979
152578 152578 1251369866
152578 152578 1251485181
58375 54197 1234393657
58375 58375 1238669968
58375 58375 1238670034
58375 58375 1241564107
58375 58375 1241564295
58375 58375 1250206729
58375 58375 1250303691
129196 42620 1249623185
129196 73428 1250154373
136208 131930 1249138509
136208 115 1249832199
136208 7162 1251310440
125969 125969 1251426478
113682 113682 1246309035
113682 113682 1246390391
158742 158742 1250790172
3095 3095 1247651465
3095 3095 1249531199
13342 13342 1233098468
13342 13342 1238010942
13342 13342 1238011835
13342 27439 1224748301
136224 136224 1247806394
23585 125857 1251756939
42019 42019 1237189875
42019 4140 1233095697
42019 4140 1233129632
1127460 1127460 1220892464
1127460 1127460 1220892567
1127460 1127460 1221773554
1127460 1127460 1228515379
1127460 1127460 1230081941
1127460 1127460 1230082083
1127460 1127460 1233710837
1127460 1127460 1238772328
1127460 1127460 1248794111
1127460 1127460 1251148612
39975 121 1227976599
39975 13055 1228307872
39975 39975 1228821361
66601 98607 1252234390
66601 95663 1250697425
66601 3279 1249605326
146478 146478 1249625285
97118 97118 1241793532
97118 97118 1244224935
97118 97118 1246906361
97118 97118 1248142351
97118 97118 1250637648
97118 97118 1250654028
5178 104707 1242080220
5178 70942 1242061948
5178 70942 1242062382
5178 70942 1242074772
5178 70942 1242076643
5178 39278 1243359644
76859 76859 1246335598
76859 117700 1245663116
74815 64226 1251234895
74815 33411 1244420747
74815 104021 1251761470
74815 70942 1248958990
74815 74815 1241825078
74815 74815 1241830985
74815 74815 1251516135
99392 99392 1245899223
99392 99392 1245903908
99392 99392 1247278072
3137 3137 1221642189
3137 3137 1223295158
3137 3137 1242377571
3137 3137 1242378201
140811 140811 1250560612
140811 140811 1250560857
140811 140811 1250650950
140811 140811 1250650982
140811 140811 1250741101
140811 140811 1250744187
33863 33863 1226097855
33863 33863 1232070963
33863 33863 1234351457
33863 33863 1236656962
33863 33863 1237406788
33863 33863 1238544787
33863 33863 1241225574
33863 33863 1241323990
33863 33863 1245287964
33863 33863 1246067843
33863 33863 1247528797
33863 33863 1249075311
19530 19530 1239048892
103504 103504 1245689201
103504 103504 1246158428
103504 103504 1248723327
15441 15441 1245591533
50264 50264 1231461982
126042 137552 1249427563
126042 126042 1246302501
126042 89771 1250937823
42082 42082 1243814797
42082 42082 1243928506
42082 42082 1243928807
42082 42082 1243929014
42082 69755 1243732011
1123 20603 1251409935
1123 104015 1251381738
1123 104015 1251382004
97390 106762 1244124031
97390 97390 1243558905
97390 97390 1244251514
97390 97390 1244252417
97390 97390 1245107362
97390 97390 1245114921
4285 39590 1236637572
62576 62576 1249594205
62576 19224 1234251488
62576 57997 1236914204
62576 14031 1236746608
23666 23666 1232712762
60531 28817 1242330158
60531 20074 1234209017
60531 60531 1233799049
60531 20941 1235618424
125245 113845 1246570381
74601 49018 1250545753
74601 96531 1247684517
74601 50685 1249151108
42106 42106 1239564392
42106 42106 1240254581
42106 104015 1250952060
42106 84839 1239330939
46204 10420 1230696436
97405 97405 1243319004
97405 97405 1243484747
97405 97405 1244522289
97405 97405 1244862945
97405 97405 1245301733
29823 29823 1238611282
29823 29823 1239780905
13442 125857 1248315024
13442 13442 1243539610
13442 13442 1246598006
13442 13442 1247028143
13442 13442 1249511041
13442 13442 1247769821
13442 129366 1246076463
97413 51816 1242346171
97413 97413 1242436823
3207 61793 1243462937
3207 8482 1237479761
3207 8482 1243921882
3207 116870 1251251254
3207 118495 1245710350
3207 338 1242338193
3207 20894 1231204396
3207 50525 1242868566
3208 6992 1221600546
3208 3208 1220918224
3208 3208 1220920031
3208 3208 1220992336
3208 3208 1221607470
3208 3208 1221613809
3208 3208 1222295969
3208 3208 1222371354
3208 3208 1222475043
3208 3208 1225420956
3208 3208 1225421484
3208 3208 1227480026
3208 3208 1229410583
3208 3208 1233963230
3208 3208 1246571077
3208 11827 1232768962
15497 15497 1234396633
15497 781 1221697479
156811 33225 1251006799
156811 89818 1251158800
156811 117700 1251458387
156811 91607 1251443615
156811 91607 1251443830
115853 115853 1245182362
74894 74894 1241153167
74894 74894 1245899253
74894 74894 1247883087
132239 132239 1247925582
132239 132239 1247928648
132239 132239 1248133320
9361 751 1222486715
83096 83096 1242404062
83096 83096 1242836526
83096 83096 1242837484
83096 83096 1243625865
83096 83096 1246223846
83096 83096 1248285689
83096 83096 1249682088
83096 83096 1250113237
1440933 3208 1221790747
1440933 42082 1243928595
1440933 42082 1243928879
1440933 16387 1227584238
1440933 1440933 1223960121
9382 9382 1232006299
9382 9382 1237099194
9382 9382 1237197769
9382 9382 1237887516
9382 9382 1238469479
9382 9382 1239425600
9382 9382 1239751055
9382 9382 1240756380
9382 9382 1242169283
9382 9382 1242694694
9382 9382 1242703159
9382 9382 1242778057
9382 9382 1243827682
9382 9382 1244526240
9382 9382 1244527920
9382 9382 1245480630
9382 9382 1245708459
9382 9382 1251243151
9382 9382 1251417526
9382 9382 1252024890
9382 9382 1252064785
9382 9382 1226386853
9382 9382 1241838087
76969 76969 1236898939
1196 1196 1248428818
1196 7644 1232282526
11438 7021 1222784202
83119 47633 1242426080
58544 58544 1233140675
58544 58544 1233140806
5298 51649 1249520782
5298 51649 1249535440
85830 85830 1246150746
58549 33863 1249034371
25782 25782 1227299665
25782 25782 1228760742
25782 25782 1235611119
185527 185527 1235669430
185527 185527 1235753372
41757 41757 1227989878
13502 10420 1231326161
13502 31434 1234420958
13502 45620 1231890058
13502 29178 1231829175
13502 13502 1230770290
13502 13502 1230948606
13502 13502 1230949020
13502 13502 1231316517
13502 13502 1231628658
13502 13502 1231629485
13502 13502 1231802796
13502 13502 1231803122
13502 13502 1231803528
13502 13502 1231806228
13502 13502 1232166673
13502 13502 1232166781
13502 13502 1234424886
13502 13502 1246371823
13502 13502 1248474144
13502 13502 1248597065
13502 13502 1248624297
13502 13502 1248673616
13502 13502 1248823979
13502 13502 1249013691
17604 338 1237955826
17604 17604 1239651932
447688 113682 1246390013
447688 117700 1244595265
15562 15562 1238179368
62667 62667 1236104483
56524 1009 1252092767
56524 94162 1247606140
56524 56524 1250521697
56524 64878 1241369214
56524 85830 1246035863
56524 85830 1246035917
3279 3610 1237007925
3279 3279 1222423255
3279 3279 1222597831
3279 3279 1222598253
3279 3279 1223506580
3279 3279 1223544708
3279 3279 1239334088
3279 3279 1239335429
3279 3279 1240630127
111833 111833 1243303560
111833 111833 1245474232
111833 111833 1245476779
111833 111833 1245478266
111833 111833 1247454354
111833 111833 1248532015
15578 14728 1246339476
1245 1245 1232685382
19679 103058 1245898797
19679 97405 1244058009
19679 86837 1250019374
19679 87942 1251494503
19679 108639 1242846634
19679 108639 1244244278
19679 19679 1250544248
19679 53677 1233642973
19679 106245 1248810038
17635 28145 1249339142
17635 28145 1249340466
17635 17635 1238402607
17635 17635 1239406204
17635 17635 1239411070
17635 17635 1239737319
17635 17635 1239737353
17635 24451 1247966386
2993381 2993381 1240018680
2993381 185527 1235701156
130278 130278 1251971389
93416 93416 1243564491
93416 93416 1245467674
93416 93416 1251347851
101616 101616 1244664739
101616 1304 1243977112
101616 20261 1242267808
1266 4857 1225841390
1266 1266 1224735536
1266 1266 1225149052
1266 1266 1219035961
66803 66803 1242952406
66803 66803 1247189284
66803 66803 1249709139
66803 130015 1252145007
66803 130015 1252145334
66803 130015 1252145806
894 4857 1236832879
894 42782 1230152513
25847 31056 1243132573
25847 160677 1251584004
25847 25847 1231417021
25847 25847 1233981158
25847 25847 1240822502
25847 25847 1241486991
25847 25847 1241487244
25847 25847 1241487439
25847 25847 1241487722
25847 25847 1241488299
11515 51816 1242309282
11515 11515 1235666498
13565 9222 1226343832
50434 50434 1232723010
50434 50434 1233352547
50434 50434 1234325076
50434 50434 1234542343
50434 50434 1234542540
50434 50434 1236904367
48387 69755 1242915967
48387 92957 1251839502
48387 91607 1242595476
1284 1284 1228174720
1284 1284 1228174784
1284 1284 1228175534
1284 1284 1228175640
1284 1284 1245115359
1284 1284 1245183565
1284 1284 1245185404
1284 1284 1252027357
1284 1284 1252027613
48684 94162 1246569203
48684 48684 1235774002
48684 48684 1244857915
48684 48684 1244858109
48684 48684 1248918814
48684 50525 1245373125
48684 129847 1249531484
23824 23824 1225749913
131456 131456 1248005667
131456 131456 1248747256
131456 131456 1249624295
97558 103504 1247581689
97558 55408 1249576370
97558 117700 1244767807
97558 93468 1247110771
97558 118073 1245942225
97558 118073 1245942459
97558 118073 1245950306
97558 73903 1245205805
97558 132239 1247236861
97558 781 1246420050
97558 50525 1245373480
85271 85271 1241168317
1304 1304 1250274860
1304 1304 1251999748
3354 32484 1227248970
93468 93468 1240370654
93468 93468 1242449450
93468 93468 1242450065
93468 93468 1245233900
93468 93468 1245298200
93468 93468 1245298310
93468 93468 1246354784
93468 93468 1246354847
93468 93468 1246355234
93468 93468 1246355493
93468 93468 1246355627
93468 93468 1246355731
93468 93468 1246356063
93468 93468 1246478483
93468 93468 1246508767
93468 93468 1246521564
93468 93468 1246527516
93468 93468 1246529114
93468 93468 1246926479
93468 93468 1247007770
93468 93468 1247008218
93468 93468 1247021368
93468 93468 1247049277
93468 93468 1247049308
93468 93468 1248940123
93468 93468 1248940161
93468 93468 1248991181
93468 93468 1248994792
93468 93468 1249098424
93468 93468 1249098507
93468 93468 1249331229
93468 93468 1249420972
93468 93468 1249424311
93468 93468 1249635662
93468 93468 1249635883
93468 93468 1249957851
93468 93468 1249959196
93468 93468 1249959232
93468 93468 1250136546
93468 93468 1250136713
93468 93468 1250205899
93468 93468 1250654924
93468 93468 1250654960
93468 93468 1251171736
93468 93468 1251420822
93468 93468 1251878767
93468 93468 1246508817
93468 93468 1246521361
93468 93468 1246528548
23837 23837 1241233510
23837 23837 1241234028
23837 23837 1245118393
70942 70942 1236392701
70942 70942 1236431996
70942 70942 1236602744
70942 70942 1241051505
70942 70942 1241654276
70942 70942 1242062301
70942 70942 1242063367
70942 70942 1242074676
70942 70942 1242078956
70942 70942 1242656901
70942 70942 1244071491
70942 70942 1244305489
70942 70942 1244644677
70942 70942 1245962609
70942 70942 1246011706
70942 70942 1248858463
70942 70942 1248996796
70942 70942 1251148724
70942 70942 1251500007
36131 309834 1244213425
36131 36131 1228890460
36131 36131 1228892393
36131 36131 1228982587
36131 36131 1228982635
36131 36131 1229203539
36131 36131 1231050375
36131 36131 1231198095
36131 36131 1233091593
36131 36131 1233376984
36131 36131 1242159833
32037 1127460 1233710633
32037 32037 1233339286
32037 32037 1237339224
32037 32037 1237339445
32037 32037 1238618066
32037 32037 1243745337
19750 745 1237115284
46375 46375 1251482616
81193 4465 1237952303
81193 9382 1238469199
58668 58668 1244090665
11575 11575 1245889675
11575 11575 1245890032
11575 11575 1245890219
11575 11575 1245892630
11575 11575 1245894036
11575 11575 1221924395
118073 118073 1245210891
118073 118073 1245259577
118073 118073 1245557085
118073 118073 1245557838
118073 118073 1245941355
118073 118073 1245946552
36157 2128 1236513018
36157 13227 1236509594
36157 13227 1236509907
36157 13227 1236511372
36157 22076 1234989146
36157 36157 1232053316
36157 36157 1244780699
38206 2128 1242403610
38206 54760 1239799216
38206 44707 1228882246
38206 38206 1250527687
38206 122687 1251245179
38206 122687 1251257340
38206 122687 1251257478
21828 21828 1235006264
21828 21828 1241559705
95573 37450 1246011597
95573 95573 1243977276
95573 95573 1243988313
95573 95573 1247011645
95573 95573 1248116587
95573 95573 1248415513
95573 95573 1249070248
95573 95573 1250913460
95573 95573 1250913665
95573 95573 1251225206
95573 95573 1251417474
30043 30043 1237244435
30043 30043 1240015817
50525 50525 1243392461
50525 50525 1245373785
15710 10693 1223671753
15710 15710 1240854865
15710 15710 1247253585
15710 32037 1238617749
102288 102288 1243051354
102288 102288 1249889142
34148 34148 1249946360
34148 104015 1244580007
17766 19224 1226452990
17766 19224 1226453266
17766 30043 1225935201
17766 17766 1249806527
17766 17766 1250900979
17766 17766 1251290287
17766 17766 1251292760
17766 17766 1251294941
83304 19929 1238795691
83304 49018 1240524109
83304 49018 1240526273
83304 86218 1240439340
83304 95663 1241604796
22076 22076 1222705282
22076 22076 1222712442
22076 22076 1224525488
22076 22076 1225382462
22076 22076 1226502449
22076 22076 1227632009
22076 22076 1228927723
22076 22076 1229354646
22076 22076 1229966581
22076 22076 1231542786
22076 22076 1231860137
22076 22076 1232907667
22076 22076 1233230449
22076 22076 1233621300
22076 22076 1233623098
22076 22076 1233961399
22076 22076 1236184835
22076 22076 1236822143
22076 22076 1236823263
22076 22076 1236823564
22076 22076 1236823723
22076 22076 1236956881
22076 22076 1236958032
22076 22076 1237344416
22076 22076 1237829380
22076 22076 1237829444
22076 22076 1237840606
22076 22076 1238911090
22076 22076 1238911230
22076 22076 1239211502
22076 22076 1239212417
22076 22076 1239232863
22076 22076 1240871828
22076 22076 1240877657
22076 22076 1241455653
22076 22076 1241638495
22076 22076 1242005121
22076 22076 1242142704
22076 22076 1242263180
22076 22076 1242595834
22076 22076 1244141142
22076 22076 1245443727
22076 22076 1246476171
22076 22076 1246906233
22076 22076 1246906669
22076 22076 1247195444
22076 22076 1251489915
22076 55133 1232404198
22076 23414 1242771061
123111 126691 1250010024
123111 126691 1250011184
123111 126691 1250016935
123111 168228 1251769737
123111 168228 1251772030
123111 126781 1247415167
123111 123111 1248220161
64878 475 1251963774
64878 64878 1234349476
64878 64878 1234416411
64878 64878 1234603027
64878 64878 1236928508
64878 64878 1239428496
64878 64878 1244863406
64878 64878 1244869945
64878 64878 1245472998
64878 64878 1246340434
64878 64878 1246340468
64878 64878 1246585707
64878 64878 1246585762
64878 64878 1250484782
64878 64878 1251439991
64878 64878 1251880372
85360 61793 1243455111
23921 18853 1243479697
23921 2037537 1236811962
23921 51816 1249343780
23921 66445 1240005039
23921 107165 1242342703
54197 54197 1235191636
54197 54197 1247880436
50548 136224 1247805810
11649 51816 1233977297
11649 109426 1247696710
11649 32484 1246510909
11649 55693 1242988187
11649 134597 1250122058
58768 58768 1249085726
58768 58768 1249085802
58768 58768 1249085920
58768 16440 1246474193
58768 116483 1248186608
58768 1196 1248356470
9617 51816 1240966448
9617 9617 1222928935
9617 9617 1242254513
9617 9617 1244177505
9617 32484 1231758285
36243 36243 1231896399
36243 36243 1249948251
60824 65584 1234840910
60824 60824 1237242940
60824 60824 1237243399
60824 60824 1237243448
60824 60824 1237245100
60824 60824 1237247730
60824 60824 1237326225
60824 9835 1234919101
1436 1436 1223016478
1436 1436 1234920496
1436 1436 1234928065
1436 1436 1235299108
21918 21918 1233714737
21918 21918 1238797674
21918 21918 1247004167
21918 21918 1247015427
21918 21918 1252020028
34208 58880 1238203386
34208 52589 1243032610
11683 3137 1223310622
128422 128422 1246090014
128422 128422 1246270003
128422 128422 1246270125
128422 128422 1246398909
128422 128422 1247525175
128422 128422 1248350986
128422 128422 1248360956
128422 128422 1248365795
128422 128422 1248365897
17832 13442 1243531454
17832 41662 1232761458
17832 39590 1248297177
17832 13227 1244182087
17832 79853 1251505405
17832 20654 1247277205
15785 3208 1246566634
15785 51649 1245269657
15785 54964 1248834346
15785 54964 1248841820
15785 54964 1248896427
15785 39726 1244662929
19884 19884 1223779438
19884 19884 1241119963
95663 95663 1241372880
95663 95663 1242291069
95663 95663 1243340546
95663 95663 1243344303
95663 95663 1243710355
95663 95663 1250696515
13744 22076 1224603197
56753 56753 1236920947
56753 56753 1238379606
56753 56753 1240353906
56753 56753 1245133501
56753 1436 1234919955
56753 57997 1243666323
5555 93468 1242883003
5555 16204 1241319186
21406 55362 1251133944
21406 117499 1246182538
21406 21406 1225859306
21406 21406 1235911002
21406 21406 1235926037
21406 21406 1239989083
21406 21406 1248365089
21406 21406 1249742544
21406 21406 1249742613
1902010 58880 1236491518
1902010 2170954 1242378118
1902010 64878 1235099820
1902010 97405 1243332042
1902010 106554 1244084794
1902010 34644 1249687514
1902010 2454 1219977714
1902010 91607 1243374313
1902010 91607 1243375299
1902010 91607 1243377369
1902010 54964 1236386987
1902010 89818 1251158897
1902010 312842 1250559926
1902010 1902010 1230686153
1902010 1902010 1239498186
74314 122164 1245793444
74314 74314 1245081485
74314 74314 1249995708
74314 74314 1250684688
74314 61332 1245328712
67009 51649 1236213675
67009 18858 1236041398
67009 68452 1244240462
67009 24565 1235607047
67009 55133 1236402116
75204 99107 1248402337
75204 21981 1250287912
134597 134597 1245808762
134597 134597 1247821226
134597 134597 1248123763
134597 134597 1249003591
134597 134597 1249031173
134597 134597 1250067326
134597 134597 1250068581
134597 134597 1250075307
134597 134597 1250122352
134597 134597 1250129191
134597 134597 1250188274
134597 134597 1250387177
134597 134597 1250483042
134597 134597 1250485807
134597 134597 1250571922
134597 123111 1248217567
15816 15816 1247115100
5578 5578 1223601514
5578 5578 1233794674
5578 5578 1233803846
5578 5578 1234936601
5578 5578 1248306027
83404 22076 1250717249
83404 61342 1245656822
21966 21966 1243427379
21966 9382 1243507295
122321 2037537 1247090417
34258 54964 1240812901
34258 28804 1234337150
4003 36131 1233086194
4003 4003 1223958948
4003 4003 1223960723
4003 4003 1232143302
4003 4003 1232779264
4003 4003 1241761821
4003 4003 1242333277
4003 4003 1244676773
4003 4003 1244823067
4003 116 1247157923
4003 116 1247244848
4003 116 1250653171
28118 28118 1231410921
28118 28118 1237170954
91607 91607 1241210597
91607 91607 1241633869
91607 91607 1241900464
91607 91607 1241910010
91607 91607 1242091349
91607 91607 1242351826
91607 91607 1242353951
91607 91607 1242353971
91607 91607 1242354515
91607 91607 1242410473
91607 91607 1243026205
91607 91607 1243375750
91607 91607 1243375990
91607 91607 1243380762
91607 91607 1243983434
91607 91607 1244597992
91607 91607 1244598929
91607 91607 1244599476
91607 91607 1244600179
91607 91607 1244600670
91607 91607 1244600744
91607 91607 1244601128
91607 91607 1244601771
91607 91607 1246411108
91607 91607 1251443508
91607 91607 1251443790
91607 91607 1251444233
19929 19929 1227743984
19929 19929 1235192880
19929 19929 1242453178
19929 19929 1242704258
19929 19929 1251069382
19929 19929 1251330467
95706 61342 1244054009
40411 51649 1247533202
40411 51649 1247543917
40411 40411 1242443833
40411 91607 1246410945
7644 7644 1236928827
7644 7644 1246056538
7644 7644 1250052231
21981 21981 1225266492
21981 21981 1234530885
21981 21981 1239000037
21981 21981 1239574823
21981 21981 1243992915
21981 21981 1244762488
21981 21981 1244763767
21981 21981 1245375740
21981 21981 1246956558
21981 21981 1247739642
21981 21981 1247741299
21981 21981 1249268351
21981 21981 1250541166
21981 21981 1250824124
21981 21981 1250824302
21981 21981 1251773712
19939 22076 1222702561
19939 22076 1222709697
77393 77393 1244161523
77393 77393 1244161541
77393 77393 1248593471
77393 77393 1248650841
54760 54760 1246763139
54760 54760 1247413514
54760 54760 1247423915
54760 54760 1247587156
54760 54760 1247745596
59303 8976 1240847452
59303 8976 1240854287
59303 68452 1239846533
59303 59303 1240869023
59303 59303 1247000432
59303 59303 1247000912
59303 117700 1251345995
59303 70551 1243044440
59303 97855 1242928277
15852 51816 1246414952
15852 22076 1244141525
15852 109426 1247621752
15852 15852 1239320409
28145 28145 1249340351
28145 28145 1249340548
28145 28145 1249341522
28145 28145 1250324433
28145 28145 1250393405
50685 89818 1248932528
50685 50685 1245640974
50685 50685 1248932768
58880 58880 1234219613
58880 58880 1236500167
58880 58880 1238203813
38403 115 1232136628
38403 25450 1232960776
38403 38403 1241597532
38403 38403 1245441574
38403 134597 1250063744
28169 126691 1247759593
28169 356 1228428298
28169 70942 1244136910
28169 4857 1251659297
28169 28169 1238167190
28169 54964 1239129950
28169 54964 1239912725
28169 33324 1233276149
28169 33324 1233279108
28169 33324 1233279161
28169 70702 1239114286
28169 22076 1236185008
312842 312842 1247523421
312842 312842 1249443660
312842 312842 1249505281
312842 312842 1249616064
312842 312842 1251230837
312842 312842 1251848686
26123 18180 1229851422
34329 14065 1226128092
34329 57458 1236735552
34329 11110 1228266104
34329 34329 1236894509
34329 34329 1236894883
34329 34329 1239402110
34329 34329 1239402140
34329 34329 1243052398
34329 34329 1243637357
34329 34329 1243646947
34329 34329 1247281733
34329 34329 1247615982
34329 34329 1247696091
34329 34329 1247883393
34329 34329 1226014761
34329 4778 1226104984
34329 20860 1236403867
34329 59468 1240028360
3610 3610 1234584817
7714 7714 1239745709
7714 7714 1250758160
7714 7714 1250798673
7714 1284 1230089395
7714 47222 1249635828
7714 62313 1234225766
7714 73428 1236148300
7714 3610 1234584084
7714 29823 1239910273
7714 22093 1234835736
7714 97390 1245099944
7714 97390 1245118659
7714 239663 1249524537
20010 20010 1222266617
20010 20010 1234243293
20010 20010 1239808773
20010 32484 1236223976
11820 11820 1224892196
11820 11820 1251262325
11820 11820 1251268037
34397 99392 1245899589
34397 125790 1246047461
34397 111068 1245461095
34397 93468 1246355096
34397 34397 1245436892
34397 34397 1246660577
34397 34397 1246787667
34397 34397 1246788944
34397 34397 1247528338
34397 64878 1251289782
34397 130015 1251683271
11827 11827 1229749893
11827 11827 1229794001
11827 11827 1250623271
11827 11827 1250688578
1588 1588 1228142808
1588 1588 1231995911
1588 1588 1231995948
1588 1588 1231996163
1588 1588 1231996623
1588 1588 1232291139
1588 1588 1232291190
1588 1588 1232291885
1588 1588 1232292512
1588 1588 1232292870
1588 1588 1232353409
1588 1588 1240836662
1588 1588 1240837013
1588 1588 1241164964
1588 1588 1241606570
75700 2170994 1245284509
67132 51816 1239776469
67132 58668 1243994872
67132 93691 1243043124
67132 93468 1250136342
67132 57428 1250256322
1599 1599 1222985875
1599 1599 1223015333
1599 1599 1223015596
1599 1599 1223034605
1599 1599 1223104926
1599 1599 1236852401
1599 1599 1236854694
1599 1599 1240424837
1599 1599 1240480282
9793 20654 1224226659
82187 51816 1240966293
82187 117700 1250562376
82187 99256 1248396278
82187 14440 1241059752
82187 82187 1243985997
82187 82187 1243988217
82187 42620 1241391007
1606 1606 1223315793
1606 1606 1246902306
1606 1606 1246906321
1606 1606 1246908104
1606 1606 1250701004
1606 1606 1251488608
1606 1606 1251489741
95818 338 1241137078
44620 64878 1251440147
44620 95663 1250696408
22093 22093 1224889869
22093 22093 1225855433
22093 22093 1232457620
22093 22093 1240426315
22093 22093 1240470311
22093 22093 1241649375
22093 22093 1241649711
22093 22093 1241649952
104015 104015 1242332357
104015 104015 1242557169
104015 104015 1242786051
104015 104015 1242786780
104015 104015 1242786862
104015 104015 1242936769
104015 104015 1242936822
104015 104015 1242937323
104015 104015 1243411042
104015 104015 1243472215
104015 104015 1243493520
104015 104015 1243551895
104015 104015 1243930339
104015 104015 1243990623
104015 104015 1244011201
104015 104015 1244088229
104015 104015 1244088303
104015 104015 1244088320
104015 104015 1244136816
104015 104015 1244139075
104015 104015 1244145625
104015 104015 1244159925
104015 104015 1244580199
104015 104015 1244766560
104015 104015 1244853524
104015 104015 1244931267
104015 104015 1245268135
104015 104015 1245738171
104015 104015 1245898443
104015 104015 1245898498
104015 104015 1245902397
104015 104015 1246166246
104015 104015 1246166513
104015 104015 1246169763
104015 104015 1246303166
104015 104015 1246303580
104015 104015 1246305152
104015 104015 1246425174
104015 104015 1246659894
104015 104015 1246664708
104015 104015 1246664778
104015 104015 1247277838
104015 104015 1247895303
104015 104015 1248137269
104015 104015 1250952551
104015 104015 1251243862
104015 104015 1251246466
104015 104015 1251301198
104015 104015 1251379647
104015 104015 1251380490
104015 104015 1251381806
104015 104015 1251381955
104015 104015 1251719789
104015 104015 1251721948
104015 104015 1251722942
104015 104015 1251749844
104015 104015 1251750094
104015 104015 1251750329
104015 104015 1251755933
104015 104015 1252239496
104015 104015 1242089814
91729 91729 1251329201
91729 91729 1251385965
91729 91729 1251408979
104021 73491 1250642989
104021 104021 1249604503
104021 104021 1250543735
104021 104021 1250560637
104021 104021 1250639113
104021 104021 1250691884
104021 104021 1250887858
104021 104021 1250911760
104021 104021 1251826595
61020 61020 1233449155
48733 54964 1246485930
10853 10853 1236997656
28258 28258 1224666393
28258 115 1228088646
28258 21406 1224328241
34409 34409 1228276661
34409 34409 1242771293
20074 2424 1226728019
20074 20074 1223678659
20074 20074 1225143032
20074 20074 1244068232
20074 20074 1244068309
20074 3966 1232474633
9835 9835 1225499456
9835 9835 1226108607
9835 9835 1234919564
9835 9835 1234920249
81520 81520 1238194916
81520 81520 1238195943
81520 81520 1239813788
81520 81520 1239918486
81520 81520 1239987650
81520 81520 1240258914
81520 81520 1240604768
81520 81520 1242439147
81520 81520 1242951316
81520 107092 1245097975
81520 2535 1241127722
81520 89818 1239516571
81520 2715 1240270152
81520 104015 1242966016
81520 104015 1242966138
42610 4194 1246557642
42610 42610 1246559211
42610 42610 1247716366
42610 42610 1250567920
42610 126781 1246001691
13940 192337 1232506278
13940 13940 1222292711
13940 13940 1222293740
13940 13940 1222334303
13940 16135 1222207175
2169 2169 1246981576
2169 42610 1246558922
56954 56954 1241761508
56954 56524 1250515113
110204 95157 1243655224
110204 41661 1246861092
3712 3712 1223972040
3712 3712 1232558899
3712 3712 1251692507
3712 3712 1251692633
3712 1266 1224816900
3712 141446 1248129001
3712 9382 1229105604
3712 727 1226008071
3712 90138 1249472107
55362 55362 1232243601
55362 55362 1240820514
55362 55362 1240905077
55362 55362 1249296407
55362 55362 1251135328
59015 59015 1240282135
59015 59015 1243971348
79496 79496 1249511444
44685 7644 1232690958
44685 44685 1231987973
44685 44685 1236738681
130704 130704 1247797815
130704 130704 1247797850
130704 130704 1248418173
2127508 106762 1244814899
89752 89752 1242246034
89752 89752 1243104634
89752 89752 1243343368
89752 89752 1243462123
89752 89752 1243786424
89752 89752 1243861210
89752 89752 1244055471
89752 89752 1244057337
89752 89752 1244723562
89752 89752 1245596998
89752 89752 1245859535
89752 89752 1247516806
89752 89752 1247673039
1306 1306 1221701875
1306 28804 1231991425
85662 16204 1239598811
44707 44707 1245484153
50853 50853 1235511922
50853 50853 1240081082
50853 50853 1245952897
50853 50853 1246631729
50853 50853 1250700569
5798 5798 1247532313
5798 5798 1250254358
89771 110976 1250913105
89771 110976 1250938606
89771 149825 1250178289
89771 54964 1250920364
89771 53960 1251301616
89771 89771 1241649159
89771 89771 1242038177
89771 89771 1242116907
89771 89771 1242391110
89771 89771 1244908190
89771 89771 1245661519
89771 89771 1249816818
89771 89771 1250291842
89771 89771 1250938012
89771 89771 1251103375
89771 89771 1251801218
89771 89771 1251888079
89771 89771 1251924050
89771 89771 1251924169
89771 89771 1252242547
89771 21406 1249743816
126639 126639 1248425130
126639 126639 1248425227
126639 126639 1249036850
54964 54964 1232340051
54964 54964 1232347193
54964 54964 1233240161
54964 54964 1233529936
54964 54964 1233583643
54964 54964 1234172943
54964 54964 1234173250
54964 54964 1236122323
54964 54964 1236122485
54964 54964 1236387328
54964 54964 1236403515
54964 54964 1236460452
54964 54964 1236463783
54964 54964 1236471708
54964 54964 1236506890
54964 54964 1236725872
54964 54964 1236898949
54964 54964 1236899182
54964 54964 1236916197
54964 54964 1237107720
54964 54964 1237157908
54964 54964 1237353867
54964 54964 1237797859
54964 54964 1237886571
54964 54964 1237943597
54964 54964 1237952245
54964 54964 1237952344
54964 54964 1238051753
54964 54964 1238054766
54964 54964 1239058714
54964 54964 1239130567
54964 54964 1239134247
54964 54964 1239207865
54964 54964 1239223869
54964 54964 1239292081
54964 54964 1239306140
54964 54964 1239383642
54964 54964 1239384966
54964 54964 1239395447
54964 54964 1239479949
54964 54964 1239480516
54964 54964 1239495353
54964 54964 1239573802
54964 54964 1239574597
54964 54964 1239582315
54964 54964 1239692290
54964 54964 1239913117
54964 54964 1239914447
54964 54964 1239917791
54964 54964 1239927893
54964 54964 1239927927
54964 54964 1240118643
54964 54964 1240647402
54964 54964 1240712834
54964 54964 1240713011
54964 54964 1240713076
54964 54964 1240789380
54964 54964 1240814285
54964 54964 1240866408
54964 54964 1240883345
54964 54964 1240996431
54964 54964 1241005020
54964 54964 1241066036
54964 54964 1241094109
54964 54964 1241133345
54964 54964 1241172236
54964 54964 1241175228
54964 54964 1241266221
54964 54964 1241334180
54964 54964 1241344243
54964 54964 1241348845
54964 54964 1241404037
54964 54964 1241406007
54964 54964 1241440210
54964 54964 1241440808
54964 54964 1241441009
54964 54964 1241441754
54964 54964 1241535768
54964 54964 1241781942
54964 54964 1241912112
54964 54964 1242007755
54964 54964 1242052951
54964 54964 1242961550
54964 54964 1243100043
54964 54964 1243129480
54964 54964 1243129707
54964 54964 1243129770
54964 54964 1243142428
54964 54964 1243142558
54964 54964 1243142755
54964 54964 1243142912
54964 54964 1243189347
54964 54964 1243196614
54964 54964 1243196662
54964 54964 1243197909
54964 54964 1243202244
54964 54964 1243203831
54964 54964 1243205094
54964 54964 1243347381
54964 54964 1243390087
54964 54964 1243442720
54964 54964 1243448824
54964 54964 1243473029
54964 54964 1243656147
54964 54964 1243709728
54964 54964 1243984161
54964 54964 1243984341
54964 54964 1243985919
54964 54964 1244002139
54964 54964 1244003510
54964 54964 1244328035
54964 54964 1244846671
54964 54964 1245096932
54964 54964 1245903405
54964 54964 1245913480
54964 54964 1246049665
54964 54964 1246076718
54964 54964 1246164870
54964 54964 1246165084
54964 54964 1246165118
54964 54964 1246173748
54964 54964 1246207969
54964 54964 1246214044
54964 54964 1246214299
54964 54964 1246219405
54964 54964 1246219919
54964 54964 1246229635
54964 54964 1246264249
54964 54964 1246337870
54964 54964 1246339047
54964 54964 1246390877
54964 54964 1246493990
54964 54964 1246511041
54964 54964 1246662669
54964 54964 1246692538
54964 54964 1246693465
54964 54964 1246694762
54964 54964 1246726986
54964 54964 1246747016
54964 54964 1246765800
54964 54964 1246765918
54964 54964 1246820666
54964 54964 1246858542
54964 54964 1247098099
54964 54964 1247177718
54964 54964 1247435663
54964 54964 1247460750
54964 54964 1247541617
54964 54964 1247544037
54964 54964 1247547984
54964 54964 1247552981
54964 54964 1247553530
54964 54964 1247584164
54964 54964 1247585107
54964 54964 1247585204
54964 54964 1247607175
54964 54964 1247625684
54964 54964 1247631570
54964 54964 1247638666
54964 54964 1247644184
54964 54964 1247704619
54964 54964 1247721033
54964 54964 1247936891
54964 54964 1247969304
54964 54964 1247992332
54964 54964 1248024240
54964 54964 1248027408
54964 54964 1248136891
54964 54964 1248138377
54964 54964 1248147699
54964 54964 1248160664
54964 54964 1248160773
54964 54964 1248187294
54964 54964 1248281940
54964 54964 1248295617
54964 54964 1248361113
54964 54964 1248466828
54964 54964 1248472550
54964 54964 1248548984
54964 54964 1248607070
54964 54964 1248607212
54964 54964 1248709140
54964 54964 1248715744
54964 54964 1248811106
54964 54964 1248831631
54964 54964 1248834112
54964 54964 1248836785
54964 54964 1248888476
54964 54964 1248889204
54964 54964 1248889596
54964 54964 1248897384
54964 54964 1248897792
54964 54964 1248920040
54964 54964 1248930872
54964 54964 1249002777
54964 54964 1249086357
54964 54964 1249087305
54964 54964 1249370892
54964 54964 1249599369
54964 54964 1249617914
54964 54964 1249618880
54964 54964 1249618965
54964 54964 1249632593
54964 54964 1249678690
54964 54964 1249679939
54964 54964 1249680622
54964 54964 1249683069
54964 54964 1249699607
54964 54964 1249718893
54964 54964 1249727771
54964 54964 1249730148
54964 54964 1249761932
54964 54964 1249770857
54964 54964 1249775433
54964 54964 1249780111
54964 54964 1249796751
54964 54964 1249811952
54964 54964 1249871337
54964 54964 1249897147
54964 54964 1249897207
54964 54964 1249897728
54964 54964 1250064493
54964 54964 1250125620
54964 54964 1250155495
54964 54964 1250155953
54964 54964 1250207750
54964 54964 1250210669
54964 54964 1250228308
54964 54964 1250228369
54964 54964 1250237138
54964 54964 1250240350
54964 54964 1250304879
54964 54964 1250307110
54964 54964 1250323825
54964 54964 1250394084
54964 54964 1250428695
54964 54964 1250558756
54964 54964 1250566538
54964 54964 1250708245
54964 54964 1250748781
54964 54964 1250833207
54964 54964 1250840041
54964 54964 1250851332
54964 54964 1250920232
54964 54964 1250920808
54964 54964 1250921338
54964 54964 1250935302
54964 54964 1251024192
54964 54964 1251037366
54964 54964 1251043160
54964 54964 1251050888
54964 54964 1251085543
54964 54964 1251189901
54964 54964 1251202296
54964 54964 1251356127
54964 54964 1251356352
54964 54964 1251439715
54964 54964 1251498457
54964 54964 1251573184
54964 54964 1251631473
54964 54964 1251635555
54964 54964 1251642924
54964 54964 1251657270
54964 54964 1251666195
54964 54964 1251668739
54964 54964 1251858071
54964 54964 1251858179
54964 54964 1233826830
57014 104015 1245902052
110264 51649 1244444097
11892 11892 1247257928
11892 11892 1247675013
11892 11575 1245888254
65210 65210 1236040162
65210 65210 1238022159
65210 65210 1238022469
65210 65210 1249088578
7867 23414 1245181491
7867 2170954 1236134627
7867 7867 1237256583
7867 1586 1240873702
7867 64878 1245104626
28817 28817 1235540939
28817 28817 1242342929
28817 28817 1250292900
1736 1736 1222065544
1736 1736 1230610811
1736 905 1220053202
4727 6992 1221593104
4727 11827 1232772232
4727 2533756 1233685292
147150 130704 1248916294
147150 32484 1250316060
147150 147150 1249685559
147150 147150 1250911905
14031 14031 1224109523
14031 14031 1230015601
14031 14031 1236746112
14031 14031 1249179508
75472 75472 1236719308
75472 75472 1242912264
75472 75472 1243345510
75472 75472 1243354296
75472 75472 1248354188
75472 75472 1251135995
75472 75472 1251303959
24867 24867 1231822463
24867 24867 1238639415
24867 2260 1236035620
73428 73428 1247213644
73428 73428 1250154807
73428 73428 1250757396
89818 89818 1239517524
89818 89818 1239517686
89818 89818 1239579915
89818 89818 1239935574
89818 89818 1239946474
89818 89818 1239993272
89818 89818 1240013089
89818 89818 1241467288
89818 89818 1241655760
89818 89818 1241734299
89818 89818 1241884340
89818 89818 1244402266
89818 89818 1244850051
89818 89818 1244869884
89818 89818 1245444505
89818 89818 1245525748
89818 89818 1245786937
89818 89818 1248932725
89818 89818 1248935159
89818 89818 1249018946
89818 89818 1250445597
89818 89818 1250445766
89818 89818 1250445802
89818 89818 1251336705
89818 89818 1251506532
89818 89818 1251506878
89818 89818 1251589031
89818 89818 1251589203
89818 89818 1251589331
89818 89818 1251589477
89818 89818 1251589628
89818 89818 1251590654
89818 89818 1252102153
89818 89818 1241316154
89818 89818 1241375672
118495 118495 1246236527
118495 118495 1246358824
118495 118495 1247853432
118495 118495 1250124319
118495 118495 1251978364
126691 126691 1245673531
126691 126691 1245758300
126691 126691 1245933448
126691 126691 1246463839
126691 126691 1247661343
126691 126691 1249999704
126691 126691 1250010700
126691 126691 1250012001
126691 126691 1250095452
32484 32484 1225826656
32484 32484 1225828886
32484 32484 1231576041
32484 32484 1231730149
32484 32484 1234427368
32484 32484 1234601438
32484 32484 1234829357
32484 32484 1237097043
32484 32484 1238002945
32484 32484 1238687076
32484 32484 1238778825
32484 32484 1240848688
32484 32484 1240852664
32484 32484 1241563620
32484 32484 1243141522
32484 32484 1243142584
32484 32484 1245208703
32484 32484 1245650488
32484 32484 1247989456
32484 32484 1249365456
32484 32484 1250315268
32484 32484 1250746715
32484 32484 1250924328
48869 50264 1231459993
48869 56194 1232944316
48869 48869 1233101896
48869 48869 1233606495
22247 2197 1232490718
42620 59546 1233122926
42620 42620 1230523811
42620 42620 1235715784
42620 42620 1238011713
42620 42620 1242602963
42620 42620 1250632147
42620 42620 1251840289
42620 42620 1231468832
18154 89818 1241679013
18154 2238 1233900620
7122 7122 1250823772
7122 7122 1250824499
7122 7122 1250824845
7122 7122 1250824964
7122 20467 1223870829
14065 2368 1230778613
14065 33411 1229666069
14065 33411 1229666337
14065 33411 1229696087
14065 14065 1234850750
14065 14065 1236155436
14065 14065 1236155535
14065 14065 1236155573
14065 14065 1246333271
14065 14065 1246334775
14065 14065 1246335914
14065 23528 1232621271
14065 33481 1225687521
14065 33481 1228135329
14065 11575 1224721344
14065 11575 1224743084
14065 154766 1251956373
14065 28401 1252091759
14065 57428 1244752289
14065 61342 1241645986
14065 6903 1229653463
14065 131930 1249718403
14065 22076 1227395773
14065 22076 1229353821
14065 22076 1229359618
14065 22076 1229470132
14065 22076 1238478942
14065 22076 1239229217
14065 97118 1248139403
14065 1599 1223070658
30461 102288 1243041458
30461 38753 1245116686
30461 38753 1245139489
30461 338 1237414184
30461 84118 1250849401
30461 84118 1250849448
30461 84118 1251181392
30461 84118 1251260965
30461 8761 1225868731
30461 745 1230546953
30461 78396 1241101757
30461 285399 1234676019
30461 285399 1250617864
30461 11820 1251257350
30461 11820 1251266631
30461 83853 1246616447
116483 116483 1248105300
116483 116483 1248108734
116483 116483 1248461754
116483 116483 1248461829
116483 116483 1248699690
18180 58088 1248740498
18180 77393 1248597705
18180 13227 1225585581
18180 18180 1221872900
18180 18180 1229915677
18180 18180 1237672373
106245 106245 1242243853
106245 106245 1244146895
106245 106245 1244155990
106245 106245 1248869447
16135 2238 1223321133
16135 16135 1222401168
16135 16135 1234220027
16135 16135 1240260948
5897 5897 1237638413
5897 5897 1242161532
5897 13227 1221971596
5897 109 1222493585
5897 109 1222495026
5897 2942 1223244826
48910 57883 1247180695
48910 117700 1251344603
48910 35693 1246394080
130832 12252 1247693636
130832 117700 1247172974
130832 20774 1247289147
42769 47633 1233329381
42769 50434 1232725518
42769 68452 1245670635
42769 68452 1245670688
42769 38663 1231432560
42769 109002 1243006675
42769 2238 1233596787
73491 73491 1237294088
73491 73491 1241966356
42782 42782 1233098910
42782 42782 1233252023
42782 42782 1234127192
42782 42782 1235070287
42782 42782 1236011573
42782 42782 1239555774
2037537 2037537 1236814027
2037537 2037537 1247091393
10019 10019 1234864883
10019 10019 1234918876
10019 10019 1236813247
10019 10019 1239683136
10019 10019 1239683195
10019 10019 1245455805
26404 26404 1227636167
26404 26404 1231429660
26404 26404 1237201314
26404 26404 1237997505
20261 20261 1238366311
20261 20261 1242250675
20261 20261 1243553444
20261 20261 1250612057
20261 20261 1251419484
1830 30043 1224637433
1830 30043 1224637479
1830 30043 1224637835
1830 1830 1222456043
1830 1830 1222486713
18217 18217 1249532607
20267 51649 1235572563
20267 54964 1237105605
20267 41757 1227980403
153390 160677 1252179071
57135 51816 1241481501
57135 65210 1249088441
57135 32037 1233306681
57135 57135 1236488320
57135 57135 1249529160
3897 3897 1230747385
3897 3897 1231024173
3897 3897 1244905145
3897 3897 1246203114
3897 3897 1246203629
3897 3897 1247018973
3897 3897 1250003134
12091 13502 1231802688
12091 13502 1231803012
126781 126781 1245928160
126781 126781 1245956625
126781 126781 1245979947
126781 126781 1246128385
59198 159752 1250767771
59198 21981 1247739325
59198 59198 1236861841
59198 59198 1238750758
59198 59198 1238754787
59198 59198 1243932079
59198 59198 1250257205
122687 122687 1249565784
122687 122687 1251247158
108512 108512 1243748082
108512 108512 1246835052
108512 108512 1247377575
108512 108512 1247634911
108512 108512 1248325019
108512 108512 1249773270
108512 108512 1252119805
108512 47222 1252127990
61250 61250 1243656310
61250 61250 1243656774
61250 61250 1249236518
46915 46915 1231171203
46915 46915 1231255156
1862 1436 1224818435
1862 74894 1245219911
1862 1862 1233357227
1862 1862 1235041497
1862 1862 1235043008
1862 1862 1236645408
1862 1862 1245542880
18248 14606 1222752884
59210 4704 1235438917
16204 1144 1233823158
16204 16204 1221889107
16204 16204 1225087480
16204 16204 1227488381
16204 16204 1239599083
16204 16204 1240012040
16204 16204 1242093440
16204 16204 1242890794
16204 16204 1249611394
65358 2680 1239689338
65358 146 1241563745
65358 10853 1236997478
65358 51816 1236931241
65358 51816 1241245020
65358 51816 1244077585
65358 51816 1244163170
65358 140811 1250651019
65358 65358 1247123275
192337 192337 1239049541
192337 192337 1249933933
34642 34642 1233597888
34642 34642 1236125602
34644 34644 1229124526
34644 34644 1229129757
34644 34644 1229135604
34644 34644 1229136585
34644 34644 1239718305
34644 34644 1248136676
34644 34644 1248369929
34644 34644 1249692290
34644 34644 1249692412
18265 2635 1245245294
18265 32037 1242172521
18265 44984 1238499794
18265 18265 1226034308
18265 18265 1226110498
18265 18265 1237463367
18265 18265 1239764867
18265 30043 1240291991
18265 93468 1246582421
18265 239663 1224061250
18265 239663 1224063153
55133 147150 1250825899
38753 38753 1241838832
38753 38753 1245125413
38753 745 1241849299
30568 106979 1246371651
30568 6244 1233356693
30568 47878 1240772225
30568 129366 1246451349
30568 30568 1228362934
30568 30568 1228409148
30568 3897 1249970347
30568 84634 1251155532
30568 49018 1244960332
30568 24293 1233839096
103058 103058 1246606132
6461 6461 1231352240
6461 6461 1231451472
6461 6461 1233690082
6461 6461 1234331254
23528 117700 1249637937
23528 110087 1242867811
23528 110087 1242867981
23528 23528 1226014004
23528 23528 1232603358
23528 23528 1235020596
23528 23528 1235021879
23528 23528 1235451673
23528 23528 1235451720
23528 23528 1236895348
23528 23528 1238183658
23528 23528 1244765239
23528 23528 1244765857
23528 23528 1244777655
23528 23528 1245098155
23528 23528 1247223330
23528 23528 1247462546
23528 74314 1250107634
23528 59303 1247000394
23528 97390 1245112678
23528 104015 1242791032
23528 130704 1248417835
23528 83096 1242771047
23528 93468 1247006922
23528 70942 1249000742
23528 37759 1240259845
10098 80480 1244567228
10098 10098 1247852360
10098 10098 1247857757
10098 10098 1250887279
10098 36131 1247596347
10098 20774 1231984269
32632 32632 1226030532
32632 32632 1226030570
32632 32632 1227047797
32632 32632 1227958583
32632 8945 1228272657
32632 8945 1228279224
132985 132985 1249008207
132985 132985 1249008597
132985 132985 1249024457
132985 132985 1252022627
132985 132985 1252025795
132985 89818 1248933556
49018 49018 1232889908
49018 49018 1233054019
49018 49018 1234310498
49018 49018 1234908032
49018 49018 1240524168
49018 49018 1244086326
49018 49018 1244960790
49018 49018 1244963721
49018 49018 1244994153
49018 49018 1246410008
49018 49018 1248341276
49018 76859 1241494192
6013 14540 1245452120
6013 6013 1221942533
6013 6013 1225935216
6013 6013 1230010353
6013 6013 1234514534
6013 6013 1234573789
6013 6013 1235185326
6013 6013 1235302722
6013 6013 1242769706
6013 6013 1244871278
6013 6013 1244873878
6013 6013 1245204755
6013 6013 1245890816
3966 20526 1228216789
3966 3966 1227600509
3966 3966 1250589436
3966 3966 1250589583
24451 24451 1232129995
24451 24451 1247966581
75652 338 1240232827
141189 141189 1248803101
141189 141189 1248804425
141189 141189 1248806879
141189 141189 1248894538
77705 77705 1244232030
77705 77705 1245244033
6807 106979 1248624607
6807 6013 1225743872
6807 6807 1232377347
6807 6807 1237152738
6807 6807 1237210066
38796 38796 1229632771
38796 35335 1228463181
38796 35335 1228466736
83853 83853 1240814443
83853 83853 1240822478
83853 83853 1241864853
151438 151438 1251328446
151438 151438 1251328823
151438 151438 1251329582
151438 151438 1251862135
151438 151438 1251872020
38663 38663 1227338734
38663 38663 1227339739
38663 38663 1231410347
38663 38663 1231484799
38663 38663 1232003740
38663 38663 1232005661
38663 38663 1233360039
38663 38663 1234851200
38663 38663 1238026333
38663 38663 1238027281
38663 38663 1239150867
38663 38663 1239151012
38663 38663 1239944246
38663 38663 1246339558
38663 38663 1246520716
38663 38663 1246948946
38663 38663 1247734876
38663 38663 1247735302
22417 1588 1241288839
22417 1588 1241638107
90002 89818 1245496126
90002 90002 1250140892
90002 90002 1250141084
90002 90002 1250142531
90002 160677 1251898851
90002 91607 1251443250
61332 61332 1234504366
61332 61332 1245395439
61332 62758 1234795979
61332 42782 1246186174
61332 41662 1233904876
85134 19929 1242452907
85134 19929 1242694966
85134 93468 1242883069
27631 26404 1227613843
61342 61342 1234326250
61342 61342 1234384203
61342 61342 1237837760
61342 61342 1237842346
61342 61342 1237844342
61342 61342 1237846323
61342 61342 1237849019
61342 61342 1240557614
61342 61342 1241648015
61342 61342 1242364426
61342 61342 1242365762
61342 61342 1245661531
11249 11249 1251736581
11249 11249 1251812200
7021 7021 1222791420
7021 7021 1222792645
7021 7021 1224274893
7021 7021 1229546737
7021 7021 1232057392
7021 7021 1234821222
7021 7021 1234892365
7021 7021 1234894306
7021 7021 1234911041
7021 7021 1235597389
7021 7021 1235677679
7021 7021 1235678784
7021 7021 1235683720
7021 42782 1247257003
7021 13502 1231436077
94121 94121 1240402900
94121 94121 1243423314
94121 94121 1243513847
94121 94121 1243516292
94121 94121 1244482355
94121 94121 1250076452
63411 6897 1234391321
87988 83853 1240812712
87988 83853 1240819947
87988 20774 1247795025
79797 58088 1248418213
20406 64226 1249063418
20406 20406 1235178335
20406 20406 1248881764
44984 44984 1230730617
44984 44984 1231436514
44984 44984 1233798266
44984 44984 1237290749
44984 44984 1237483237
44984 44984 1239123201
44984 44984 1239123666
44984 44984 1239813258
58088 131456 1249624245
58088 77393 1248593155
58088 54964 1249623664
58088 54964 1249629280
58088 54964 1249629502
58088 54964 1249631224
58088 54964 1249632135
58088 54964 1250253395
58088 54964 1250330486
58088 54964 1250388616
58088 20654 1249114451
58088 51649 1248504010
58088 51649 1249094088
58088 51649 1250572552
58088 58088 1248161513
58088 58088 1248399036
58088 58088 1248418288
58088 58088 1248993761
58088 58088 1250660027
58088 58088 1250660182
58088 356 1251497817
58088 126639 1249033302
58088 51310 1248348626
58088 51310 1248348749
58088 104015 1248150639
167874 167874 1252012047
36805 8206 1234318641
36805 3966 1238664241
36805 36805 1239190145
36805 36805 1239190270
36805 36805 1246538490
6095 6095 1239831120
94162 94162 1243524372
94162 94162 1246569309
12252 12252 1226211858
20133 3497 1242070004
20133 22076 1231537984
20133 22076 1231538901
20133 54197 1232772849
20133 20133 1227581485
20133 20133 1228428585
20133 20133 1230098570
20133 20133 1239676559
42962 4249 1235094100
137552 137552 1249419491
137552 137552 1249428277
4068 6992 1245462426
4068 39561 1251170539
4068 86259 1250049582
4068 4068 1229558830
4068 4068 1229559866
4068 4068 1245988160
4068 35527 1251498372
18406 18406 1223205897
18406 18406 1234245187
18406 18406 1236682845
337 337 1222399585
337 337 1228524936
337 337 1233032630
337 337 1233377524
337 337 1236345933
337 337 1244078366
337 337 1244254505
337 337 1247552024
337 337 1247635253
12267 32484 1230154071
12267 751 1230101566
38892 38892 1230582997
38892 38892 1231190000
38892 38892 1240893935
38892 38892 1245349181
38892 38892 1245786002
38892 38892 1251916322
79853 79853 1251579409
20467 20467 1223868651
20467 20467 1223869198
20467 20467 1223871150
20467 20467 1223871915
20467 20467 1225262740
20467 20467 1239766049
20467 20467 1239805175
20467 20467 1239942854
103043 127681 1245987964
103043 126042 1246301230
103043 103043 1247570144
103043 125470 1247470880
24565 24565 1224635159
24565 24565 1224635190
24565 24565 1242942737
24565 24565 1243027335
24565 24565 1248214575
77814 77814 1242987494
77814 77814 1243560059
77814 77814 1246407251
77814 77814 1247521008
77814 77814 1247529628
77814 77814 1247529986
133802 338 1247193589
133802 133802 1246930630
